Do'ppiX detector — YOLO26m fine-tune (training/train_detector.py)
Run: doppix_yolo26m_doppix_det_20260926_134722 · RTX 3060 12 GB · imgsz 1280 · batch 8 · 100 epochs · seed 42, deterministic
Dataset: training/dataset (192 train / 22 val images, 11,604 / 1,386 boxes)

 Epoch  box_loss  cls_loss   l1_loss       P       R   mAP50  mAP50-95  time(s)
     1    0.9310    0.9038    0.0013   0.743   0.638   0.722     0.550      319
     2    0.8563    0.6105    0.0013   0.709   0.889   0.892     0.704      586
     3    0.9092    0.5758    0.0014   0.905   0.914   0.959     0.714      854
     4    0.8702    0.5488    0.0013   0.888   0.907   0.955     0.724     1138
     5    0.8622    0.5085    0.0012   0.897   0.875   0.954     0.747     1398
     6    0.8508    0.4814    0.0013   0.978   0.907   0.970     0.791     1658
     7    0.8250    0.4342    0.0012   0.962   0.916   0.973     0.788     1896
     8    0.7902    0.4241    0.0012   0.927   0.914   0.955     0.797     2119
     9    0.7815    0.4078    0.0012   0.969   0.932   0.973     0.795     2365
    10    0.7737    0.3976    0.0011   0.965   0.935   0.979     0.812     2610
    11    0.7788    0.3965    0.0011   0.973   0.939   0.978     0.787     2837
    12    0.7615    0.3841    0.0011   0.969   0.925   0.974     0.809     3126
    13    0.7231    0.3720    0.0011   0.942   0.946   0.974     0.807     3376
    14    0.7189    0.3661    0.0011   0.976   0.922   0.977     0.803     3641
    15    0.7610    0.3769    0.0011   0.954   0.918   0.975     0.804     3921
    16    0.7498    0.3638    0.0010   0.966   0.910   0.969     0.816     4160
    17    0.7146    0.3598    0.0010   0.954   0.927   0.975     0.832     4425
    18    0.7177    0.3565    0.0010   0.937   0.954   0.974     0.827     4705
    19    0.6810    0.3424    0.0010   0.933   0.949   0.967     0.834     4975
    20    0.7004    0.3439    0.0010   0.943   0.931   0.970     0.836     5252
    21    0.6914    0.3434    0.0010   0.956   0.919   0.971     0.828     5494
    22    0.6978    0.3384    0.0010   0.966   0.915   0.972     0.845     5736
    23    0.6925    0.3506    0.0010   0.961   0.918   0.973     0.845     5970
    24    0.7143    0.3441    0.0009   0.929   0.937   0.967     0.848     6259
    25    0.6985    0.3387    0.0010   0.961   0.909   0.971     0.856     6518
    26    0.6678    0.3272    0.0009   0.948   0.920   0.973     0.849     6797
    27    0.6576    0.3180    0.0009   0.954   0.923   0.976     0.844     7067
    28    0.6641    0.3165    0.0009   0.951   0.935   0.980     0.847     7351
    29    0.6554    0.3172    0.0009   0.957   0.925   0.976     0.862     7585
    30    0.6569    0.3107    0.0009   0.963   0.918   0.975     0.853     7854
    31    0.6460    0.3063    0.0009   0.954   0.916   0.973     0.867     8133
    32    0.6491    0.3145    0.0009   0.953   0.929   0.974     0.862     8370
    33    0.6226    0.3039    0.0008   0.945   0.925   0.966     0.853     8665
    34    0.6166    0.2970    0.0009   0.958   0.910   0.966     0.850     8944
    35    0.6370    0.3077    0.0009   0.954   0.919   0.966     0.849     9195
    36    0.6243    0.2986    0.0008   0.963   0.914   0.966     0.838     9473
    37    0.6364    0.3043    0.0008   0.971   0.918   0.968     0.846     9753
    38    0.6168    0.2924    0.0008   0.970   0.934   0.971     0.846    10050
    39    0.6333    0.3040    0.0008   0.966   0.939   0.970     0.854    10321
    40    0.6282    0.2984    0.0008   0.947   0.941   0.967     0.842    10632
    41    0.6138    0.2973    0.0008   0.960   0.936   0.969     0.837    10924
    42    0.6257    0.3078    0.0008   0.960   0.933   0.971     0.843    11186
    43    0.6031    0.2898    0.0008   0.956   0.934   0.967     0.845    11479
    44    0.5985    0.2873    0.0008   0.946   0.934   0.964     0.841    11764
    45    0.6151    0.2928    0.0009   0.942   0.938   0.963     0.837    12051
    46    0.6179    0.2870    0.0008   0.954   0.928   0.964     0.854    12325
    47    0.5977    0.2860    0.0008   0.958   0.930   0.964     0.847    12555
    48    0.6048    0.2860    0.0008   0.954   0.936   0.974     0.869    12845
    49    0.6157    0.2938    0.0008   0.945   0.951   0.978     0.865    13079
    50    0.6074    0.2925    0.0008   0.950   0.948   0.978     0.860    13330
    51    0.6124    0.2877    0.0008   0.949   0.942   0.978     0.881    13604
    52    0.5775    0.2761    0.0008   0.968   0.938   0.979     0.871    13856
    53    0.5898    0.2783    0.0008   0.971   0.933   0.979     0.868    14095
    54    0.5833    0.2756    0.0008   0.975   0.926   0.977     0.865    14360
    55    0.5695    0.2637    0.0008   0.956   0.933   0.977     0.865    14611
    56    0.5800    0.2662    0.0007   0.961   0.926   0.973     0.862    14894
    57    0.5823    0.2676    0.0007   0.938   0.947   0.970     0.874    15169
    58    0.5761    0.2701    0.0007   0.964   0.921   0.968     0.873    15436
    59    0.5650    0.2663    0.0007   0.955   0.927   0.969     0.871    15696
    60    0.5582    0.2607    0.0007   0.970   0.924   0.969     0.866    15985
    61    0.5741    0.2634    0.0007   0.971   0.931   0.970     0.867    16292
    62    0.5521    0.2583    0.0007   0.954   0.932   0.969     0.879    16537
    63    0.5537    0.2582    0.0007   0.950   0.939   0.970     0.875    16815
    64    0.5457    0.2508    0.0007   0.956   0.936   0.970     0.885    17147
    65    0.5656    0.2619    0.0007   0.968   0.924   0.970     0.873    17431
    66    0.5618    0.2581    0.0007   0.965   0.934   0.975     0.874    17768
    67    0.5478    0.2562    0.0007   0.960   0.938   0.977     0.873    18059
    68    0.5478    0.2584    0.0007   0.956   0.944   0.980     0.871    18361
    69    0.5589    0.2627    0.0007   0.953   0.944   0.978     0.869    18636
    70    0.5474    0.2531    0.0007   0.965   0.927   0.978     0.874    18934
    71    0.5374    0.2508    0.0007   0.950   0.939   0.980     0.866    19204
    72    0.5239    0.2446    0.0007   0.948   0.940   0.978     0.866    19505
    73    0.5506    0.2531    0.0007   0.957   0.934   0.979     0.862    19773
    74    0.5417    0.2496    0.0007   0.958   0.935   0.979     0.862    20038
    75    0.5348    0.2448    0.0007   0.952   0.940   0.980     0.872    20324
    76    0.5657    0.2587    0.0006   0.945   0.941   0.979     0.872    20639
    77    0.5362    0.2449    0.0006   0.947   0.941   0.977     0.872    20942
    78    0.5383    0.2485    0.0006   0.952   0.939   0.976     0.869    21228
    79    0.5595    0.2537    0.0006   0.956   0.939   0.976     0.872    21516
    80    0.5497    0.2510    0.0007   0.954   0.941   0.976     0.868    21798
    81    0.5249    0.2378    0.0007   0.940   0.950   0.976     0.871    22098
    82    0.5265    0.2380    0.0006   0.938   0.954   0.975     0.874    22388
    83    0.5381    0.2437    0.0006   0.951   0.937   0.976     0.876    22711
    84    0.5274    0.2362    0.0006   0.939   0.954   0.977     0.879    23015
    85    0.5259    0.2354    0.0006   0.942   0.955   0.978     0.884    23334
    86    0.5223    0.2360    0.0007   0.944   0.952   0.980     0.884    23642
    87    0.5163    0.2281    0.0006   0.946   0.945   0.979     0.880    23958
    88    0.5290    0.2348    0.0006   0.947   0.943   0.978     0.881    24277
    89    0.5229    0.2383    0.0006   0.945   0.943   0.977     0.885    24523  <- best
    90    0.5230    0.2353    0.0006   0.950   0.938   0.976     0.882    24818
    91    0.4978    0.2266    0.0007   0.955   0.934   0.972     0.875    25123
    92    0.4922    0.2169    0.0007   0.956   0.939   0.969     0.869    25408
    93    0.4944    0.2196    0.0006   0.954   0.943   0.965     0.868    25702
    94    0.4855    0.2132    0.0007   0.955   0.944   0.964     0.866    25969
    95    0.4896    0.2155    0.0006   0.961   0.942   0.964     0.866    26243
    96    0.4923    0.2173    0.0006   0.959   0.944   0.963     0.865    26519
    97    0.4840    0.2110    0.0006   0.957   0.944   0.963     0.867    26793
    98    0.4669    0.2019    0.0006   0.956   0.945   0.963     0.866    27064
    99    0.4863    0.2155    0.0006   0.956   0.945   0.964     0.866    27327
   100    0.4722    0.2074    0.0006   0.957   0.944   0.964     0.865    27590

Final validation of weights/detector.pt (best epoch), ultralytics 8.4.163, imgsz 1280, fp16:

                 Class     Images  Instances      Box(P          R      mAP50  mAP50-95)
                   all         22       1386      0.945      0.943      0.978      0.885
                person         22        636      0.901      0.954      0.978      0.821
                   car         22        637      0.949      0.973      0.991      0.952
                   bus         20         41      0.951       0.94      0.992      0.872
                 truck         15         28      0.917      0.792      0.914      0.857
             light_red         10         20      0.972          1      0.995      0.945
         light_not_red         12         24      0.978          1      0.995      0.865
Speed: 1.3ms preprocess, 19.1ms inference, 0.0ms loss, 1.1ms postprocess per image

(bicycle and motorcycle have no instances in the val split.)
