2 0.252824 0.369782 0.064294 0.079407
2 0.708627 0.581898 0.119366 0.111202
2 0.798699 0.686310 0.144601 0.137323
2 0.401513 0.420607 0.081482 0.099460
2 0.687606 0.716365 0.136085 0.145258
2 0.672513 0.358460 0.065202 0.066715
2 0.937359 0.397063 0.089243 0.078097
2 0.495975 0.576846 0.099452 0.112401
2 0.299547 0.174808 0.043395 0.045751
2 0.554017 0.333710 0.075993 0.067704
2 0.268350 0.320495 0.063519 0.069632
2 0.420774 0.602202 0.088154 0.121199
2 0.524375 0.460145 0.084194 0.094281
2 0.588508 0.740112 0.131057 0.144067
2 0.605981 0.581018 0.107693 0.113026
2 0.457587 0.254204 0.056235 0.051110
2 0.596842 0.512194 0.098726 0.092315
2 0.045680 0.439230 0.091315 0.096323
2 0.414950 0.372238 0.069725 0.073443
2 0.925774 0.812215 0.148453 0.166918
2 0.855239 0.658427 0.138556 0.126423
2 0.880032 0.861428 0.167820 0.170162
2 0.793920 0.918505 0.174758 0.162990
2 0.380696 0.236386 0.054320 0.050196
2 0.352872 0.180912 0.052547 0.042614
4 0.537544 0.196306 0.107258 0.115089
4 0.392682 0.136807 0.129270 0.108722
2 0.181748 0.112335 0.032642 0.033684
2 0.319043 0.152691 0.043732 0.041067
2 0.047912 0.153466 0.026529 0.043372
0 0.129212 0.655799 0.023344 0.105738
2 0.034788 0.394342 0.069230 0.054243
0 0.646694 0.218850 0.007514 0.044269
0 0.477430 0.166886 0.008640 0.040094
2 0.985087 0.738397 0.029826 0.107798
2 0.015265 0.360181 0.030448 0.043561
7 0.139274 0.464740 0.012555 0.039923
7 0.603062 0.358691 0.012856 0.054995
0 0.469139 0.159111 0.008561 0.038804
2 0.189497 0.066115 0.033341 0.033441
2 0.992796 0.369801 0.014324 0.043947
2 0.157398 0.067098 0.016363 0.026485
0 0.251770 0.097253 0.007615 0.040217
