2 0.181677 0.362671 0.057149 0.078887
2 0.177975 0.241883 0.047650 0.053270
2 0.045626 0.439891 0.091209 0.095632
2 0.312443 0.494578 0.080120 0.098710
2 0.420111 0.262423 0.056352 0.054784
2 0.520631 0.698985 0.120596 0.142692
2 0.730951 0.766632 0.138658 0.153022
2 0.315274 0.188564 0.045306 0.043255
2 0.392702 0.492291 0.077627 0.098710
2 0.672416 0.815507 0.146136 0.188628
2 0.409289 0.199803 0.047726 0.042799
2 0.157563 0.133316 0.037778 0.038034
2 0.742432 0.455179 0.084655 0.089130
2 0.395865 0.589905 0.083485 0.119313
2 0.911678 0.823446 0.155453 0.156052
0 0.005294 0.597083 0.010588 0.096354
5 0.336488 0.360616 0.060762 0.112831
0 0.063148 0.594261 0.015167 0.099689
2 0.243976 0.312477 0.081284 0.079211
0 0.122736 0.691224 0.020122 0.098530
2 0.195063 0.112837 0.033497 0.035630
0 0.908989 0.396180 0.014434 0.063732
0 0.908388 0.317695 0.016482 0.059552
0 0.930223 0.408206 0.015046 0.066136
0 0.105702 0.699467 0.020990 0.106727
2 0.034596 0.392383 0.068831 0.050878
2 0.132763 0.260546 0.062095 0.076177
2 0.243983 0.242081 0.050777 0.042705
2 0.596160 0.339695 0.071910 0.059688
5 0.136818 0.091101 0.037351 0.056533
0 0.214037 0.625369 0.025536 0.098252
0 0.963391 0.417898 0.012091 0.070072
5 0.531680 0.553576 0.215773 0.260658
0 0.949300 0.413252 0.015283 0.072323
0 0.738542 0.341958 0.014867 0.063276
0 0.581047 0.203693 0.010480 0.052273
0 0.951237 0.352150 0.015443 0.062569
2 0.740416 0.691433 0.124571 0.136577
0 0.935179 0.306183 0.013331 0.060070
5 0.881230 0.908924 0.156817 0.177100
0 0.936910 0.350476 0.010114 0.043700
0 0.568476 0.199017 0.009707 0.041795
5 0.064390 0.185399 0.056966 0.096123
0 0.505397 0.183021 0.007413 0.041451
0 0.916926 0.305939 0.009741 0.058268
2 0.318699 0.151612 0.043860 0.048153
0 0.953125 0.312626 0.014699 0.059446
0 0.030300 0.595800 0.015952 0.097490
0 0.021606 0.591766 0.014366 0.088672
0 0.598970 0.208798 0.011665 0.054845
0 0.395331 0.135164 0.007335 0.040467
0 0.658746 0.224380 0.008654 0.045468
2 0.100854 0.069412 0.027005 0.027417
0 0.235182 0.095250 0.008688 0.030584
4 0.554835 0.440323 0.303892 0.297268
0 0.523676 0.171839 0.010433 0.034243
0 0.551131 0.192208 0.009333 0.050880
0 0.542576 0.190135 0.009644 0.048391
0 0.513334 0.177553 0.009021 0.049221
0 0.496380 0.171193 0.010266 0.035948
0 0.486061 0.164236 0.009177 0.041478
0 0.463430 0.156078 0.010266 0.040096
0 0.450057 0.155518 0.007647 0.039635
0 0.443382 0.150794 0.007518 0.044935
0 0.435476 0.152637 0.012184 0.044935
0 0.428282 0.147798 0.008425 0.044013
7 0.139647 0.466470 0.012841 0.041377
0 0.341540 0.159495 0.009146 0.044133
