2 0.451008 0.454557 0.082532 0.090978
2 0.952682 0.401757 0.076797 0.070644
2 0.615418 0.577401 0.113826 0.131008
2 0.941655 0.940689 0.116239 0.115570
2 0.326950 0.362935 0.065941 0.075360
2 0.893979 0.693144 0.144443 0.133836
2 0.753544 0.697186 0.130120 0.135497
2 0.045668 0.440017 0.090880 0.095975
2 0.197911 0.322880 0.056824 0.069090
2 0.571884 0.636017 0.117237 0.110039
2 0.756245 0.573690 0.136484 0.107520
2 0.481946 0.563082 0.097124 0.109110
2 0.513969 0.516515 0.090805 0.097841
2 0.373609 0.468950 0.086446 0.111433
2 0.302391 0.412172 0.077168 0.088619
2 0.956702 0.503787 0.086427 0.091512
2 0.207052 0.220611 0.051013 0.054416
2 0.589243 0.733553 0.140242 0.189975
2 0.774420 0.473624 0.099066 0.076042
2 0.393191 0.351491 0.068372 0.076623
2 0.965202 0.856847 0.069407 0.106653
0 0.276239 0.782555 0.022947 0.119922
2 0.318783 0.153943 0.044025 0.044802
2 0.243609 0.299759 0.049253 0.054968
0 0.260161 0.733274 0.020230 0.120927
2 0.775865 0.530738 0.098936 0.082157
2 0.276199 0.169056 0.039793 0.040091
2 0.593855 0.318478 0.069437 0.062853
2 0.605274 0.503077 0.078207 0.082941
0 0.155231 0.536495 0.015943 0.091985
2 0.404021 0.225513 0.050308 0.045392
0 0.114478 0.675864 0.023016 0.087530
0 0.940833 0.314393 0.013558 0.058930
2 0.116416 0.105297 0.033168 0.035262
2 0.034008 0.392357 0.067545 0.051131
2 0.964838 0.785272 0.070087 0.109421
3 0.111682 0.707156 0.055808 0.073101
0 0.581535 0.204491 0.011812 0.051468
2 0.393722 0.394721 0.062447 0.102110
2 0.082384 0.071820 0.029971 0.030416
0 0.956934 0.314830 0.009741 0.060629
0 0.949755 0.312037 0.011905 0.056544
0 0.536826 0.185285 0.009173 0.045808
0 0.512048 0.178217 0.007293 0.042916
0 0.482589 0.166072 0.005781 0.036279
0 0.571462 0.199333 0.007095 0.042431
2 0.144831 0.274977 0.048366 0.060266
0 0.601214 0.192357 0.006746 0.026614
0 0.563192 0.198940 0.007586 0.042286
0 0.936891 0.306964 0.010022 0.059877
0 0.619593 0.214911 0.009257 0.047080
0 0.551100 0.191305 0.008794 0.045862
0 0.437255 0.150815 0.006945 0.044335
2 0.015489 0.358155 0.030836 0.039895
2 0.287668 0.278780 0.063181 0.067040
2 0.002944 0.540531 0.005856 0.019784
0 0.430911 0.150469 0.007247 0.041606
0 0.394709 0.130362 0.006625 0.036721
0 0.463157 0.153781 0.006964 0.037340
2 0.989251 0.371042 0.021187 0.042342
2 0.278706 0.277509 0.045542 0.064992
2 0.040777 0.342377 0.080089 0.074171
0 0.496322 0.165820 0.009658 0.044541
0 0.567231 0.197459 0.005991 0.041488
0 0.097942 0.695866 0.023651 0.052688
2 0.156862 0.066500 0.016024 0.026574
2 0.189481 0.065731 0.031799 0.032759
2 0.218954 0.064113 0.038752 0.038724
0 0.447203 0.146886 0.006483 0.039107
0 0.116257 0.510047 0.007865 0.059240
0 0.421630 0.145308 0.009472 0.031373
0 0.451224 0.129175 0.004528 0.021302
0 0.547190 0.191271 0.008969 0.044262
7 0.139246 0.464330 0.012039 0.045657
7 0.603933 0.360888 0.013644 0.058498
