2 0.711594 0.907834 0.160373 0.179102
2 0.108964 0.193161 0.041035 0.047464
2 0.700930 0.379584 0.080521 0.072320
2 0.950054 0.946725 0.099633 0.102887
2 0.290461 0.391745 0.082870 0.106250
2 0.045658 0.439796 0.090891 0.096144
2 0.334298 0.376346 0.065961 0.074778
5 0.559940 0.523111 0.086759 0.137654
2 0.575546 0.300952 0.065698 0.057063
2 0.971881 0.871515 0.055840 0.077961
2 0.224885 0.403904 0.061760 0.085392
5 0.230113 0.316008 0.088417 0.127502
4 0.916605 0.679527 0.165552 0.273653
2 0.154624 0.095161 0.031336 0.032999
0 0.223300 0.532276 0.017861 0.085643
0 0.189372 0.547272 0.015185 0.096412
0 0.045119 0.603382 0.022982 0.095460
2 0.033305 0.392346 0.066207 0.050944
0 0.905269 0.397320 0.011362 0.067552
0 0.921451 0.407306 0.014479 0.067220
0 0.960672 0.418790 0.011728 0.067683
2 0.901519 0.533103 0.132623 0.079398
0 0.837214 0.391710 0.011901 0.071072
0 0.056137 0.593394 0.012350 0.097558
0 0.932853 0.420209 0.016711 0.072298
0 0.933557 0.307231 0.013780 0.064283
2 0.319048 0.151476 0.044480 0.049525
2 0.868558 0.973383 0.107461 0.052314
0 0.027909 0.601679 0.015348 0.090385
0 0.521264 0.179598 0.009185 0.044930
0 0.231410 0.097457 0.007707 0.036705
2 0.197767 0.131031 0.041877 0.054112
0 0.917629 0.305412 0.010627 0.059092
0 0.565087 0.198448 0.007452 0.044127
0 0.505703 0.219292 0.008670 0.044717
0 0.953058 0.312949 0.010767 0.061367
0 0.514122 0.176984 0.007184 0.042678
0 0.505189 0.182077 0.007370 0.037196
0 0.576710 0.192716 0.008738 0.037282
0 0.948025 0.312126 0.007609 0.056885
0 0.344183 0.155642 0.009053 0.048829
0 0.919401 0.341672 0.011125 0.045100
0 0.334331 0.100650 0.007460 0.035580
2 0.015471 0.358006 0.030759 0.040150
0 0.595400 0.211733 0.008415 0.050206
5 0.735554 0.729713 0.284912 0.382380
2 0.549358 0.621277 0.119583 0.151240
0 0.551626 0.191485 0.009706 0.050769
0 0.542760 0.192812 0.009893 0.046787
0 0.538560 0.184351 0.008959 0.049774
0 0.463339 0.156146 0.008959 0.045792
0 0.491710 0.167262 0.008586 0.044796
0 0.453540 0.156478 0.009519 0.042474
0 0.444246 0.154044 0.010758 0.045626
0 0.436340 0.153353 0.010758 0.045165
0 0.395168 0.135169 0.008555 0.045626
0 0.404423 0.140423 0.011199 0.042308
0 0.341508 0.101694 0.008641 0.037126
0 0.300461 0.077690 0.009001 0.034565
4 0.372793 0.315944 0.164526 0.222579
6 0.140851 0.467184 0.015249 0.042804
6 0.603130 0.357321 0.015249 0.057072
