2 0.917721 0.841547 0.160188 0.191371
2 0.973882 0.957448 0.051860 0.084026
4 0.433632 0.147891 0.105272 0.099432
2 0.425407 0.372059 0.082499 0.101503
2 0.128640 0.200819 0.041855 0.051152
2 0.207062 0.393009 0.066063 0.081315
2 0.924727 0.499656 0.109634 0.086300
2 0.789774 0.521545 0.113682 0.093267
2 0.361757 0.389225 0.062659 0.081435
2 0.046335 0.439051 0.092237 0.094769
2 0.307313 0.354449 0.061063 0.074692
2 0.667813 0.778847 0.169164 0.139170
2 0.304949 0.294226 0.057862 0.055591
2 0.319806 0.154169 0.043635 0.043727
2 0.851610 0.510444 0.093883 0.090204
2 0.954241 0.400581 0.077303 0.068510
2 0.265263 0.388945 0.064217 0.078467
0 0.549743 0.462051 0.025561 0.079228
2 0.971488 0.579490 0.056763 0.066837
2 0.145305 0.096333 0.034528 0.031894
2 0.155980 0.184584 0.034133 0.049493
2 0.141655 0.404053 0.059374 0.085468
0 0.776798 0.432564 0.019877 0.072476
2 0.236152 0.337375 0.059246 0.080648
0 0.625095 0.450200 0.018389 0.073242
2 0.224728 0.231501 0.045007 0.055127
2 0.034574 0.393671 0.068737 0.053890
0 0.677946 0.453442 0.013830 0.070700
0 0.748918 0.452442 0.014340 0.071589
0 0.943311 0.315352 0.012067 0.058307
0 0.739323 0.450389 0.015364 0.068123
0 0.565450 0.202075 0.011248 0.048865
2 0.254024 0.260715 0.049224 0.057184
0 0.668320 0.436331 0.009554 0.046308
0 0.955091 0.312817 0.012850 0.061064
2 0.248171 0.303465 0.057338 0.062754
0 0.937053 0.307779 0.011492 0.062015
0 0.536649 0.185287 0.009818 0.045275
2 0.158670 0.330781 0.064658 0.086168
0 0.509964 0.178762 0.007216 0.042419
2 0.977579 0.488392 0.044470 0.063600
0 0.547440 0.196174 0.012072 0.048490
2 0.367668 0.326836 0.051132 0.065330
0 0.622105 0.209106 0.008048 0.045125
0 0.792428 0.247829 0.008518 0.034963
0 0.580557 0.203527 0.010025 0.052822
0 0.587455 0.211108 0.008919 0.043876
0 0.602105 0.191428 0.006855 0.026094
0 0.941697 0.413832 0.013179 0.065382
0 0.801381 0.245817 0.006666 0.044758
2 0.196746 0.271669 0.032390 0.060678
0 0.574076 0.199716 0.006853 0.042841
2 0.015859 0.358376 0.031625 0.040211
0 0.777208 0.287828 0.011058 0.044086
2 0.056638 0.116348 0.021067 0.033692
0 0.521894 0.180582 0.006425 0.037970
0 0.949907 0.416013 0.012295 0.063096
2 0.178066 0.297930 0.043358 0.062518
4 0.155790 0.064637 0.052192 0.060609
4 0.132311 0.062651 0.099583 0.064406
2 0.134272 0.253711 0.047026 0.043483
0 0.498582 0.165515 0.007505 0.041830
0 0.552596 0.193079 0.007944 0.049385
2 0.069440 0.192530 0.031959 0.042824
0 0.952476 0.313239 0.008993 0.059686
6 0.140851 0.467184 0.013644 0.039950
6 0.605136 0.359461 0.014446 0.058498
