2 0.336811 0.385751 0.070832 0.079884
2 0.419760 0.377187 0.069999 0.076082
2 0.249942 0.367824 0.054141 0.077373
2 0.728322 0.591549 0.119280 0.114264
2 0.875424 0.670076 0.146484 0.129952
2 0.825250 0.727343 0.144590 0.137458
2 0.393214 0.250206 0.056123 0.059467
2 0.700355 0.384758 0.083572 0.066301
2 0.622097 0.671506 0.121884 0.131981
2 0.071730 0.750867 0.143459 0.183260
2 0.045711 0.439148 0.091422 0.096301
2 0.906198 0.877500 0.175362 0.179942
2 0.114140 0.238787 0.051791 0.069835
2 0.249165 0.168631 0.035438 0.051891
2 0.516698 0.592926 0.103805 0.116512
2 0.532374 0.464404 0.085201 0.091994
2 0.651380 0.607538 0.127043 0.131813
2 0.937866 0.396762 0.090588 0.077692
2 0.606707 0.515382 0.100273 0.081403
2 0.519977 0.523978 0.102890 0.104218
2 0.293626 0.168591 0.036948 0.041414
2 0.175701 0.103972 0.036532 0.034299
2 0.315653 0.152697 0.043357 0.043779
4 0.388626 0.136929 0.122134 0.108181
2 0.419986 0.225998 0.044153 0.060917
4 0.498054 0.178438 0.115627 0.113437
2 0.907634 0.959396 0.159632 0.080060
0 0.248126 0.781776 0.022864 0.119556
2 0.177233 0.305451 0.051795 0.056367
2 0.034747 0.394347 0.069184 0.054059
0 0.636533 0.215437 0.007774 0.043759
0 0.567647 0.200060 0.007255 0.042955
0 0.601923 0.216117 0.009274 0.049096
0 0.575750 0.194256 0.007951 0.037275
2 0.075305 0.203712 0.022562 0.050763
2 0.015300 0.360111 0.030538 0.043422
0 0.950302 0.414797 0.013936 0.068198
2 0.981435 0.846952 0.037130 0.146424
0 0.562338 0.183903 0.007827 0.041362
6 0.139305 0.464506 0.012151 0.040031
2 0.985537 0.747221 0.028927 0.123803
2 0.189324 0.066471 0.032678 0.033830
0 0.960467 0.418015 0.011096 0.065284
2 0.988108 0.371160 0.023750 0.045371
2 0.157331 0.066945 0.016249 0.026110
6 0.603194 0.358720 0.012878 0.054341
0 0.250769 0.094118 0.009676 0.037844
