2 0.837427 0.532767 0.108308 0.089020
2 0.379396 0.341720 0.074555 0.089367
2 0.897507 0.492056 0.069523 0.082682
2 0.334198 0.367801 0.064677 0.074809
2 0.045607 0.439067 0.091208 0.096613
2 0.273845 0.317274 0.066545 0.083874
2 0.421834 0.204759 0.051033 0.044666
2 0.131383 0.170542 0.039931 0.045596
2 0.203279 0.238498 0.056512 0.054771
4 0.461920 0.161358 0.109390 0.107968
2 0.318989 0.154381 0.043876 0.043843
2 0.189908 0.107844 0.036363 0.038365
2 0.359536 0.209593 0.053686 0.054756
2 0.059524 0.163356 0.034768 0.042339
0 0.224414 0.755012 0.022588 0.111628
2 0.123309 0.092383 0.034289 0.036255
4 0.158997 0.063746 0.062644 0.064789
0 0.424183 0.482653 0.024717 0.085944
0 0.389088 0.517018 0.019408 0.079029
0 0.739350 0.425110 0.015834 0.066050
0 0.822094 0.432376 0.014507 0.070182
0 0.708998 0.425505 0.014570 0.077762
0 0.853686 0.416612 0.015531 0.068154
2 0.937041 0.394359 0.088578 0.071339
0 0.913825 0.338384 0.011713 0.045583
2 0.034945 0.394421 0.069584 0.054046
0 0.977935 0.329877 0.016130 0.053671
0 0.838631 0.293712 0.016325 0.052786
2 0.137822 0.256574 0.034691 0.032401
0 0.863895 0.298143 0.011892 0.055399
0 0.943176 0.341757 0.012180 0.043643
2 0.074955 0.209161 0.022054 0.049900
0 0.768242 0.271679 0.009340 0.054383
0 0.863526 0.419585 0.013814 0.065574
0 0.951567 0.343485 0.011070 0.050828
2 0.285202 0.373496 0.022863 0.070231
6 0.603402 0.358647 0.013601 0.055641
2 0.077791 0.068312 0.027926 0.032446
2 0.015226 0.360179 0.030372 0.043125
0 0.532610 0.181428 0.008260 0.042336
0 0.564517 0.198853 0.011805 0.042897
0 0.945749 0.427301 0.019073 0.077103
4 0.205517 0.352785 0.140415 0.213629
6 0.139367 0.464712 0.012282 0.041447
0 0.572636 0.203334 0.009981 0.051451
0 0.548555 0.190478 0.007165 0.044906
0 0.606127 0.210196 0.011962 0.055854
0 0.934697 0.410635 0.011826 0.072630
0 0.914270 0.424253 0.012364 0.071196
0 0.922871 0.418997 0.013439 0.079797
0 0.891020 0.429271 0.018008 0.068807
0 0.902847 0.420670 0.012633 0.071674
