2 0.650527 0.707654 0.134745 0.165221
2 0.848641 0.875052 0.175513 0.174024
2 0.501554 0.586601 0.113444 0.123102
2 0.045609 0.439849 0.090827 0.095326
2 0.308864 0.423804 0.073143 0.084179
2 0.206854 0.389584 0.063964 0.083260
2 0.719155 0.648323 0.133771 0.125146
2 0.964278 0.880257 0.071172 0.130491
2 0.409311 0.497638 0.085019 0.098682
4 0.561172 0.208244 0.101882 0.127088
2 0.265023 0.191334 0.046107 0.047892
2 0.521472 0.517292 0.093529 0.103702
2 0.444346 0.217405 0.049873 0.044637
2 0.585279 0.324801 0.054634 0.061602
2 0.291858 0.165854 0.044966 0.045307
2 0.034603 0.392555 0.068854 0.050494
4 0.420761 0.146869 0.140796 0.117872
2 0.383477 0.186296 0.039810 0.041663
0 0.921836 0.405320 0.012185 0.068123
0 0.058789 0.580804 0.016282 0.094303
0 0.939336 0.313096 0.012249 0.062115
0 0.952231 0.348539 0.016131 0.067716
0 0.177687 0.529716 0.014132 0.091647
2 0.119015 0.382277 0.060922 0.082545
2 0.320662 0.154240 0.040641 0.043848
0 0.118103 0.523462 0.010853 0.076448
0 0.949983 0.312993 0.012861 0.057628
0 0.342716 0.104074 0.006720 0.031529
2 0.015362 0.358211 0.030646 0.039690
0 0.959875 0.306163 0.010276 0.045242
0 0.629110 0.212895 0.009851 0.054613
0 0.641554 0.225223 0.007777 0.032722
0 0.733239 0.267062 0.012095 0.067692
6 0.137640 0.466470 0.012039 0.041377
6 0.601926 0.358748 0.014446 0.057072
