2 0.899491 0.915417 0.172827 0.166443
2 0.854320 0.760089 0.157925 0.171650
2 0.846833 0.483108 0.088558 0.083786
2 0.609940 0.673799 0.126980 0.161648
2 0.465254 0.472390 0.084931 0.092927
2 0.931454 0.709042 0.136729 0.152392
2 0.490654 0.576838 0.111320 0.120465
2 0.045649 0.439640 0.090775 0.095741
2 0.308961 0.423790 0.073701 0.084583
2 0.398423 0.417020 0.073805 0.080700
2 0.399673 0.489284 0.083808 0.096414
2 0.754357 0.805690 0.144464 0.159453
2 0.629297 0.581472 0.112784 0.113117
2 0.705962 0.663321 0.120278 0.128155
2 0.972288 0.887716 0.055265 0.117601
2 0.798242 0.527071 0.095228 0.082316
2 0.323166 0.189393 0.044285 0.043297
2 0.444473 0.217523 0.049866 0.044578
2 0.786188 0.621131 0.140708 0.127449
2 0.318618 0.151847 0.043940 0.039920
2 0.664972 0.545723 0.117263 0.113281
2 0.382723 0.186891 0.038416 0.041057
0 0.435713 0.963237 0.023503 0.073526
2 0.034450 0.392269 0.068480 0.050866
0 0.084743 0.600772 0.015885 0.096848
2 0.552978 0.516223 0.082307 0.119914
0 0.900755 0.320515 0.010361 0.034649
0 0.523040 0.179005 0.009127 0.044355
0 0.581771 0.204607 0.012036 0.051478
0 0.956268 0.313701 0.011619 0.060843
2 0.243988 0.079626 0.047019 0.033649
0 0.168194 0.529596 0.017356 0.092706
0 0.942002 0.314907 0.012838 0.056388
0 0.935980 0.308895 0.009818 0.057958
4 0.796593 0.358748 0.291244 0.228287
0 0.949399 0.312995 0.011498 0.057802
0 0.571491 0.198998 0.007464 0.042488
0 0.511824 0.178342 0.007287 0.042671
0 0.735183 0.252301 0.010253 0.029510
2 0.091825 0.059245 0.026633 0.029089
2 0.015451 0.358035 0.030709 0.039323
0 0.889999 0.322823 0.007464 0.019988
2 0.992366 0.368718 0.015066 0.038616
0 0.834321 0.288775 0.006939 0.022905
0 0.470520 0.165203 0.006208 0.035419
0 0.397909 0.137459 0.008339 0.036217
0 0.601030 0.191974 0.006763 0.025885
0 0.550154 0.190920 0.007553 0.045305
0 0.562911 0.199215 0.006914 0.041547
0 0.929567 0.338816 0.009050 0.034930
0 0.468198 0.198339 0.007834 0.042309
0 0.437423 0.151556 0.007440 0.043144
0 0.429978 0.151018 0.006424 0.041859
0 0.116101 0.509762 0.007759 0.058917
0 0.460613 0.156894 0.006989 0.034208
0 0.301309 0.084598 0.006600 0.031583
0 0.567431 0.197114 0.005735 0.041320
0 0.539992 0.185718 0.009060 0.038158
0 0.323592 0.085776 0.005275 0.025026
0 0.495250 0.171431 0.008282 0.029824
0 0.538492 0.184778 0.006611 0.039501
0 0.421783 0.145445 0.009651 0.031458
2 0.002943 0.540714 0.005855 0.019390
2 0.156972 0.066496 0.015891 0.026511
2 0.213965 0.062028 0.029980 0.034664
6 0.138443 0.464330 0.012039 0.042804
