2 0.224789 0.403965 0.061074 0.084474
2 0.168935 0.361362 0.055607 0.077930
2 0.290273 0.392701 0.082905 0.104527
2 0.656507 0.398917 0.081948 0.073362
2 0.335699 0.377002 0.063250 0.075895
2 0.805902 0.433375 0.096639 0.074124
2 0.162738 0.288106 0.050431 0.062822
2 0.045724 0.439317 0.091308 0.096311
2 0.473057 0.316468 0.049145 0.061149
2 0.423316 0.252974 0.061015 0.061223
2 0.885793 0.948021 0.195329 0.103959
2 0.281976 0.324220 0.057061 0.057890
0 0.236711 0.525927 0.024054 0.084969
4 0.482499 0.174116 0.115883 0.112081
0 0.054732 0.620186 0.018814 0.096342
0 0.870030 0.398354 0.015958 0.063469
0 0.930384 0.407909 0.016569 0.069802
0 0.356315 0.548390 0.022856 0.088928
0 0.181845 0.542600 0.029251 0.084236
0 0.415657 0.502820 0.019864 0.079410
0 0.092818 0.619691 0.020335 0.100782
0 0.305714 0.498015 0.014399 0.086941
2 0.034720 0.394351 0.069225 0.053708
2 0.319211 0.152891 0.044468 0.048469
0 0.078414 0.622731 0.016262 0.082892
0 0.341444 0.547877 0.019836 0.088751
0 0.983084 0.400858 0.013187 0.065320
0 0.945938 0.417170 0.012220 0.064176
0 0.934554 0.306813 0.013630 0.064759
0 0.920862 0.339162 0.011686 0.051931
6 0.603417 0.358755 0.013673 0.055555
2 0.980872 0.580257 0.038256 0.080023
0 0.565750 0.198204 0.006911 0.043232
0 0.954864 0.417170 0.010991 0.072821
0 0.132634 0.564810 0.009205 0.088047
5 0.225500 0.315195 0.078680 0.125662
0 0.917990 0.305089 0.009846 0.058033
2 0.015266 0.360117 0.030475 0.043128
0 0.245982 0.094828 0.007116 0.037508
0 0.838121 0.266817 0.009491 0.055719
4 0.258356 0.227901 0.122055 0.148402
0 0.571512 0.204169 0.010031 0.050371
0 0.644299 0.216826 0.007797 0.045113
0 0.603370 0.191272 0.006877 0.025468
4 0.377386 0.313324 0.151885 0.188981
6 0.139268 0.464661 0.012422 0.040990
0 0.951799 0.313386 0.011442 0.059697
0 0.405999 0.138918 0.007068 0.041546
0 0.239167 0.074967 0.005623 0.031334
0 0.343112 0.160660 0.005636 0.038554
0 0.396414 0.136665 0.006833 0.039059
0 0.498207 0.217646 0.008053 0.045109
0 0.552417 0.190201 0.007336 0.046594
0 0.693729 0.237909 0.008303 0.039154
0 0.172344 0.524283 0.011772 0.079859
0 0.330883 0.159286 0.009021 0.043690
0 0.210345 0.089818 0.007518 0.035717
