2 0.659149 0.838636 0.145355 0.175962
2 0.944251 0.932666 0.111226 0.131446
2 0.276315 0.380325 0.080911 0.103179
2 0.433905 0.388126 0.067430 0.078881
2 0.045711 0.439439 0.090963 0.095625
2 0.408928 0.597088 0.094376 0.116893
2 0.923534 0.828963 0.151868 0.148313
2 0.448862 0.549201 0.068902 0.108375
2 0.597370 0.324791 0.077755 0.064974
2 0.224035 0.402826 0.061635 0.083936
2 0.751343 0.785967 0.143129 0.159551
2 0.366704 0.206360 0.048690 0.045012
2 0.135608 0.120481 0.036062 0.040355
2 0.496467 0.692848 0.100164 0.141424
2 0.176900 0.112584 0.036306 0.034870
0 0.823339 0.380790 0.013681 0.068903
2 0.857202 0.469574 0.099463 0.073100
5 0.189569 0.288468 0.076734 0.131440
2 0.034918 0.392238 0.069466 0.050478
2 0.255816 0.301743 0.050503 0.056938
0 0.929959 0.391783 0.016579 0.063701
2 0.644739 0.520682 0.111412 0.096622
0 0.904998 0.398518 0.013024 0.065069
0 0.836041 0.296758 0.013223 0.056758
0 0.025537 0.598572 0.018438 0.095917
0 0.963604 0.417859 0.012165 0.069615
2 0.092612 0.079868 0.029036 0.032008
0 0.949164 0.413134 0.015424 0.072664
2 0.722864 0.650281 0.088708 0.129564
0 0.914457 0.305774 0.011267 0.059555
2 0.318373 0.153838 0.043252 0.043957
4 0.848243 0.631472 0.301623 0.357112
0 0.012246 0.599382 0.013454 0.098925
0 0.936892 0.307094 0.016258 0.066219
0 0.567507 0.198418 0.008508 0.042630
2 0.398188 0.193596 0.040012 0.041112
0 0.190781 0.545437 0.020917 0.087848
0 0.580497 0.203590 0.010275 0.052308
0 0.955479 0.313939 0.012331 0.060366
5 0.412077 0.235937 0.042960 0.074635
0 0.945256 0.387972 0.016048 0.061677
0 0.505314 0.183101 0.007419 0.040894
5 0.348806 0.371145 0.062375 0.113708
0 0.598098 0.212006 0.010379 0.048042
0 0.065389 0.580122 0.018086 0.128376
0 0.271494 0.107523 0.005912 0.032374
0 0.524194 0.181801 0.008393 0.046415
0 0.615400 0.207579 0.007718 0.043219
5 0.581395 0.611604 0.209108 0.285444
0 0.486640 0.165045 0.006572 0.037336
2 0.298592 0.335893 0.070204 0.089902
2 0.916424 0.974382 0.113838 0.050571
2 0.015489 0.358412 0.030816 0.040360
0 0.513392 0.177799 0.006496 0.043304
0 0.463549 0.157156 0.009851 0.043783
0 0.446958 0.159806 0.007259 0.041709
0 0.443911 0.153123 0.009203 0.042169
0 0.435486 0.152893 0.009981 0.046317
0 0.404313 0.140565 0.010888 0.044243
0 0.395952 0.135149 0.009981 0.045856
0 0.287998 0.075215 0.008166 0.032952
0 0.295516 0.072450 0.008166 0.031109
0 0.552496 0.190506 0.009541 0.049927
0 0.543585 0.191626 0.009001 0.047047
0 0.538904 0.182984 0.009001 0.048967
0 0.495673 0.171605 0.009480 0.037783
7 0.140450 0.462190 0.012842 0.041377
7 0.602327 0.358748 0.013644 0.059925
0 0.342141 0.158521 0.009021 0.046456
