2 0.224807 0.403989 0.061168 0.084598
2 0.522063 0.342008 0.074325 0.069995
2 0.168940 0.361434 0.055557 0.077964
2 0.914844 0.444354 0.095223 0.084837
2 0.290285 0.394465 0.082776 0.107897
2 0.335752 0.376862 0.063199 0.075607
2 0.482168 0.271376 0.058163 0.053606
2 0.874400 0.501971 0.111550 0.085994
2 0.045667 0.439244 0.091292 0.096632
2 0.281978 0.324017 0.057034 0.057628
2 0.165044 0.291673 0.045868 0.062213
4 0.388186 0.136238 0.104046 0.095463
2 0.320502 0.183375 0.038765 0.042658
2 0.338315 0.210443 0.042058 0.038668
2 0.235580 0.147614 0.039574 0.030306
0 0.252675 0.777752 0.020137 0.113434
0 0.278009 0.775018 0.019203 0.110327
0 0.028924 0.633602 0.030612 0.088379
2 0.058861 0.143946 0.031327 0.050927
0 0.304539 0.767320 0.017716 0.117647
2 0.066114 0.196898 0.036376 0.056169
2 0.034779 0.394381 0.069255 0.053807
0 0.881868 0.324876 0.013454 0.054089
0 0.934729 0.306573 0.016324 0.063266
0 0.333126 0.756900 0.028427 0.133149
0 0.775176 0.289031 0.010673 0.043689
0 0.948056 0.312558 0.010867 0.056929
5 0.225423 0.315703 0.078619 0.124452
0 0.917258 0.306135 0.009339 0.057947
0 0.956721 0.314218 0.009962 0.061023
0 0.941938 0.392222 0.012917 0.044975
0 0.565707 0.198630 0.006509 0.042308
0 0.521007 0.180074 0.009142 0.043193
0 0.607042 0.201429 0.007911 0.049022
0 0.959442 0.416054 0.011564 0.069987
0 0.600120 0.202822 0.009650 0.047718
2 0.015291 0.360133 0.030514 0.043453
6 0.603336 0.359157 0.014082 0.056708
0 0.571522 0.204835 0.009429 0.049140
0 0.498185 0.218491 0.009824 0.043725
6 0.139266 0.464549 0.012245 0.040482
0 0.538598 0.183174 0.007015 0.042708
0 0.552306 0.190291 0.007412 0.046032
0 0.489168 0.169586 0.007674 0.041749
0 0.444077 0.152860 0.006678 0.038361
0 0.247125 0.094992 0.006871 0.036555
0 0.583369 0.193526 0.008102 0.043214
0 0.344235 0.160457 0.005652 0.037574
4 0.379631 0.313033 0.147875 0.189069
4 0.257606 0.227514 0.120474 0.150437
2 0.131075 0.089700 0.029328 0.038479
0 0.545104 0.190241 0.010943 0.042768
2 0.319205 0.150189 0.044874 0.042834
2 0.992602 0.370755 0.014694 0.043492
0 0.210068 0.088853 0.007466 0.034842
0 0.456505 0.153393 0.006526 0.045073
0 0.332634 0.153715 0.008209 0.034181
