4 0.221314 0.081101 0.094650 0.079012
2 0.545693 0.537315 0.091826 0.105244
2 0.415000 0.519224 0.087036 0.104756
2 0.660992 0.624759 0.133841 0.155754
2 0.361862 0.331112 0.061189 0.069965
2 0.527906 0.253591 0.062841 0.058139
2 0.433707 0.261926 0.056344 0.051642
2 0.612014 0.732928 0.110074 0.169144
2 0.162244 0.234630 0.045284 0.055587
2 0.756189 0.784061 0.151598 0.191919
2 0.045656 0.439351 0.091205 0.096407
2 0.074196 0.165073 0.037677 0.050469
2 0.536466 0.458518 0.096216 0.113048
2 0.290036 0.162072 0.042240 0.045408
2 0.824969 0.459862 0.097363 0.072732
2 0.870125 0.950885 0.160435 0.097277
2 0.224222 0.233380 0.047842 0.053412
2 0.468076 0.228532 0.052697 0.048774
2 0.164540 0.103147 0.031902 0.034123
2 0.922545 0.399161 0.072763 0.078020
0 0.018767 0.556158 0.021095 0.096427
0 0.871984 0.392749 0.013937 0.069665
0 0.034701 0.550824 0.020055 0.089363
2 0.973091 0.589698 0.053723 0.088903
2 0.034718 0.394396 0.069076 0.054155
2 0.176473 0.295940 0.052915 0.062324
0 0.893025 0.331127 0.010764 0.049512
0 0.485450 0.171503 0.008528 0.042774
0 0.519592 0.180869 0.008655 0.042249
0 0.948995 0.312768 0.012722 0.060277
0 0.118142 0.518919 0.010374 0.089243
0 0.934342 0.307306 0.014229 0.061265
0 0.475673 0.162248 0.006588 0.039803
0 0.912092 0.296455 0.008983 0.039502
4 0.708178 0.305791 0.163327 0.170547
0 0.920258 0.334313 0.010784 0.056309
0 0.533287 0.182156 0.008806 0.043697
2 0.015294 0.360062 0.030531 0.043156
0 0.467829 0.161809 0.009289 0.043279
0 0.603592 0.191894 0.006754 0.025850
2 0.321388 0.153169 0.039981 0.048468
0 0.343747 0.159876 0.006590 0.037220
0 0.961319 0.418370 0.013329 0.070992
0 0.284044 0.108312 0.006393 0.031217
0 0.564605 0.198976 0.011601 0.043369
0 0.619081 0.211516 0.010827 0.046414
7 0.139186 0.465135 0.012536 0.040117
0 0.571964 0.203401 0.010594 0.051932
0 0.501228 0.178064 0.006438 0.027970
7 0.602887 0.358561 0.012738 0.055387
0 0.951039 0.418431 0.014765 0.064282
0 0.905829 0.335750 0.009464 0.047719
0 0.495116 0.171326 0.007765 0.032139
0 0.510102 0.175478 0.006327 0.038030
0 0.910578 0.336209 0.008271 0.048540
0 0.444473 0.151946 0.008865 0.038019
0 0.548664 0.190453 0.007371 0.044140
0 0.554534 0.188991 0.007528 0.045509
4 0.769923 0.582012 0.326362 0.346652
2 0.992715 0.371547 0.014482 0.047274
0 0.334654 0.156613 0.010706 0.045540
0 0.581881 0.174739 0.009676 0.028670
0 0.644641 0.214638 0.007795 0.036793
