2 0.454002 0.528288 0.093839 0.105471
2 0.854926 0.444536 0.101362 0.086852
4 0.359535 0.124513 0.097999 0.091885
2 0.383169 0.404309 0.081152 0.103028
2 0.557308 0.731860 0.111327 0.149694
2 0.532767 0.255761 0.063509 0.057174
2 0.331266 0.424140 0.079180 0.097466
2 0.422407 0.235773 0.053230 0.049588
2 0.168229 0.290377 0.052875 0.062995
2 0.627126 0.621876 0.094330 0.117691
2 0.429261 0.593423 0.100046 0.114141
2 0.045664 0.439459 0.091245 0.096187
2 0.470139 0.229709 0.052369 0.049999
2 0.316938 0.352172 0.061509 0.067689
2 0.314860 0.300769 0.064672 0.068963
2 0.073157 0.130354 0.034007 0.038923
2 0.162752 0.186707 0.041107 0.049064
2 0.308356 0.455438 0.068906 0.109347
2 0.921948 0.399281 0.073900 0.077795
0 0.912818 0.307095 0.012321 0.054706
2 0.034715 0.394219 0.069198 0.053707
4 0.560735 0.441987 0.223866 0.258056
0 0.484696 0.171908 0.007301 0.042343
0 0.588153 0.195697 0.007878 0.040939
0 0.519754 0.180619 0.008816 0.042801
0 0.564493 0.199699 0.012068 0.042525
0 0.117944 0.519293 0.010653 0.087745
0 0.234814 0.097202 0.007361 0.031532
0 0.827918 0.302140 0.011041 0.056739
0 0.953464 0.313587 0.011513 0.059991
0 0.344847 0.159860 0.007422 0.037482
0 0.533321 0.181576 0.008442 0.042687
0 0.800494 0.297644 0.011916 0.045471
0 0.933534 0.306529 0.013889 0.060604
2 0.319397 0.152709 0.044707 0.047952
0 0.571583 0.205258 0.009777 0.048213
0 0.946457 0.312749 0.008718 0.056498
0 0.249545 0.096384 0.006446 0.038870
0 0.475827 0.162817 0.006781 0.039194
2 0.015296 0.360042 0.030521 0.043372
5 0.744731 0.734678 0.194941 0.312163
0 0.817364 0.302665 0.011266 0.047037
0 0.606430 0.200321 0.007359 0.041343
7 0.139116 0.464922 0.012557 0.040480
0 0.548361 0.190114 0.006603 0.045433
0 0.467518 0.161598 0.009070 0.043395
0 0.500643 0.176936 0.007992 0.045243
2 0.622864 0.358286 0.078555 0.065825
0 0.961683 0.418163 0.012495 0.071079
0 0.192915 0.073728 0.005148 0.030992
0 0.507385 0.179225 0.007691 0.046760
0 0.950340 0.417617 0.014988 0.064709
4 0.967061 0.696242 0.065878 0.269242
0 0.512227 0.220850 0.008737 0.034741
0 0.912882 0.353920 0.010461 0.020962
0 0.443284 0.151893 0.010992 0.038493
2 0.992712 0.371891 0.014491 0.047462
0 0.539537 0.184820 0.007036 0.040716
0 0.334483 0.158249 0.008391 0.042968
