2 0.821648 0.536115 0.099180 0.091488
2 0.896342 0.452978 0.098630 0.082901
2 0.417691 0.371314 0.079561 0.095700
2 0.045634 0.439351 0.091169 0.097322
2 0.334089 0.367942 0.064725 0.075376
2 0.961161 0.602836 0.077677 0.101665
2 0.500695 0.339531 0.066028 0.065420
2 0.273929 0.317080 0.067250 0.083243
2 0.937353 0.394908 0.089451 0.073679
2 0.343996 0.327002 0.066862 0.066667
2 0.318951 0.154287 0.043868 0.044019
2 0.586041 0.325330 0.068545 0.050424
2 0.550170 0.290010 0.060206 0.052607
2 0.740812 0.366923 0.068695 0.083882
2 0.820079 0.890822 0.192645 0.151568
2 0.240896 0.240317 0.048943 0.045058
0 0.369105 0.564875 0.020502 0.096350
0 0.009499 0.539967 0.018129 0.088660
0 0.314407 0.571825 0.020128 0.090938
0 0.074901 0.589679 0.016490 0.087769
0 0.236087 0.710208 0.020388 0.108232
0 0.326524 0.508123 0.020800 0.078003
0 0.345540 0.786424 0.024957 0.110945
0 0.269264 0.527718 0.024734 0.088608
0 0.345032 0.606665 0.021511 0.103388
2 0.299431 0.293214 0.054763 0.052111
2 0.034928 0.394156 0.069570 0.053736
2 0.167322 0.247696 0.082017 0.047669
0 0.337362 0.570133 0.019548 0.089932
0 0.052408 0.482797 0.013493 0.087566
0 0.478706 0.164863 0.007970 0.041138
0 0.564348 0.199160 0.011842 0.043729
0 0.401872 0.524166 0.016474 0.092710
0 0.413190 0.532206 0.015358 0.080780
0 0.587993 0.209096 0.011142 0.054900
2 0.285236 0.373098 0.022909 0.071374
0 0.152237 0.498947 0.016142 0.077437
6 0.603034 0.358769 0.013534 0.054939
0 0.445783 0.152588 0.008606 0.041052
0 0.219766 0.533975 0.013097 0.084064
2 0.015279 0.359946 0.030473 0.043083
2 0.614968 0.371620 0.076294 0.069774
4 0.205446 0.338369 0.140096 0.240374
0 0.460744 0.158211 0.008389 0.041108
0 0.487598 0.169842 0.008111 0.042158
0 0.599888 0.217935 0.007748 0.051061
0 0.510382 0.176344 0.006084 0.036332
6 0.139373 0.464487 0.012530 0.040872
0 0.183574 0.073314 0.005878 0.031792
0 0.548867 0.190285 0.006880 0.045350
0 0.208407 0.527778 0.019691 0.082496
0 0.435930 0.149040 0.009516 0.039665
0 0.532221 0.181911 0.007313 0.043143
0 0.571649 0.203441 0.008186 0.050337
0 0.371586 0.114896 0.007149 0.032476
0 0.594590 0.213941 0.008010 0.050556
0 0.647013 0.218607 0.009063 0.040784
0 0.537812 0.185663 0.006298 0.046801
0 0.497189 0.181072 0.005686 0.025385
0 0.430764 0.147123 0.006007 0.032750
0 0.453473 0.153080 0.006696 0.039562
2 0.988026 0.372087 0.023915 0.048796
0 0.250409 0.096245 0.009289 0.041284
