2 0.224757 0.403928 0.061080 0.084432
2 0.168980 0.361393 0.055577 0.078188
2 0.826957 0.443257 0.098422 0.075097
2 0.290306 0.394213 0.082815 0.107574
2 0.335737 0.377118 0.063223 0.076219
2 0.444036 0.264623 0.062020 0.059606
2 0.679826 0.412413 0.084726 0.075557
2 0.484815 0.327045 0.063036 0.062296
2 0.162456 0.287785 0.051014 0.063503
2 0.045646 0.439222 0.091192 0.096245
2 0.281944 0.324152 0.057067 0.057780
2 0.881633 0.948872 0.195901 0.102256
4 0.489304 0.176635 0.115462 0.110010
0 0.243988 0.522148 0.021262 0.084351
0 0.313599 0.498118 0.025883 0.086186
0 0.423046 0.500469 0.022541 0.078249
0 0.051386 0.618093 0.018519 0.094521
0 0.925295 0.410781 0.020282 0.068911
0 0.091096 0.615442 0.020533 0.099992
0 0.866016 0.396872 0.014233 0.061329
2 0.319072 0.152940 0.044436 0.047850
2 0.034851 0.394316 0.069469 0.053620
0 0.923875 0.341196 0.010078 0.053600
0 0.363998 0.544788 0.013766 0.088173
0 0.945469 0.417212 0.012014 0.063229
0 0.645755 0.219100 0.008412 0.045311
0 0.075658 0.620882 0.017859 0.084683
0 0.934809 0.306981 0.013783 0.063472
0 0.917882 0.305977 0.010076 0.059006
0 0.565255 0.198306 0.006783 0.043389
0 0.191465 0.538813 0.012282 0.088706
4 0.380524 0.313840 0.146283 0.188623
5 0.225287 0.323165 0.079451 0.109215
0 0.182508 0.533135 0.019578 0.094439
0 0.951580 0.313479 0.011729 0.059767
2 0.015308 0.360123 0.030546 0.043033
2 0.121547 0.081417 0.035193 0.035158
0 0.954906 0.417353 0.010917 0.072773
4 0.256944 0.227858 0.119510 0.148202
0 0.352295 0.546260 0.020924 0.085645
0 0.985140 0.398968 0.014485 0.066751
6 0.603443 0.358701 0.013651 0.055256
6 0.139241 0.464629 0.012428 0.040933
0 0.245983 0.094817 0.006932 0.037849
0 0.571537 0.203193 0.010022 0.052333
0 0.603363 0.190759 0.006812 0.024378
0 0.405847 0.139477 0.007002 0.042798
0 0.343206 0.159979 0.005419 0.038484
0 0.839592 0.268237 0.009529 0.053366
2 0.322068 0.210196 0.023419 0.035156
0 0.946327 0.312136 0.009892 0.057464
0 0.131236 0.564400 0.011888 0.087561
0 0.395682 0.136698 0.006262 0.038451
0 0.552428 0.190380 0.007189 0.046557
0 0.331237 0.159451 0.010370 0.041478
0 0.210774 0.089709 0.007653 0.035837
