2 0.919681 0.844777 0.160208 0.190943
2 0.674441 0.782029 0.182581 0.143448
2 0.900222 0.540050 0.131281 0.092238
4 0.433148 0.147823 0.104882 0.098980
2 0.046117 0.439526 0.091767 0.095101
2 0.361636 0.389362 0.062841 0.080933
2 0.296012 0.890202 0.221239 0.202677
2 0.206586 0.393727 0.066155 0.081506
2 0.716349 0.438629 0.088726 0.079227
2 0.425218 0.372311 0.082583 0.102293
2 0.304817 0.294463 0.057715 0.055245
2 0.981287 0.964095 0.037023 0.070155
2 0.307021 0.354376 0.061012 0.074362
2 0.607025 0.414688 0.083678 0.079283
2 0.953956 0.398511 0.077462 0.064551
2 0.264868 0.388978 0.064538 0.078243
2 0.319474 0.154005 0.043813 0.044351
2 0.369560 0.329086 0.046151 0.062402
2 0.884863 0.476100 0.111911 0.068686
2 0.966683 0.485020 0.066482 0.066917
2 0.155134 0.185299 0.042780 0.052707
2 0.141298 0.403921 0.059375 0.084885
0 0.353762 0.503890 0.018009 0.085288
2 0.235640 0.336980 0.058948 0.080219
2 0.098306 0.232417 0.040648 0.064818
2 0.193283 0.210441 0.038043 0.051179
2 0.035332 0.393613 0.070664 0.053654
0 0.771919 0.420403 0.012702 0.067343
0 0.951888 0.424350 0.017516 0.069648
0 0.943566 0.315556 0.012640 0.056800
2 0.158434 0.331960 0.064629 0.086244
0 0.887872 0.327516 0.013861 0.050123
0 0.954208 0.313169 0.012948 0.060495
2 0.175361 0.239999 0.044579 0.055466
0 0.829642 0.434656 0.015757 0.068371
2 0.992917 0.533378 0.013908 0.059566
0 0.937439 0.306687 0.010225 0.062555
0 0.579461 0.203225 0.008868 0.052778
2 0.850335 0.973955 0.147003 0.050694
0 0.821831 0.432812 0.011309 0.071258
2 0.101404 0.169688 0.032106 0.063855
2 0.248133 0.303982 0.057036 0.062932
0 0.536365 0.185798 0.008993 0.045761
0 0.601425 0.191344 0.007237 0.025981
0 0.494441 0.172559 0.008437 0.044529
2 0.015766 0.357873 0.031444 0.039021
0 0.552147 0.191120 0.008291 0.046209
0 0.573756 0.199081 0.006534 0.042484
0 0.564679 0.199735 0.007116 0.040624
2 0.243940 0.250784 0.068279 0.082072
0 0.622140 0.214784 0.008338 0.046685
0 0.521794 0.180790 0.006538 0.037685
0 0.578128 0.477607 0.014922 0.077102
2 0.215412 0.271346 0.069967 0.061152
0 0.572559 0.472739 0.023665 0.068404
0 0.546365 0.191253 0.007384 0.043695
0 0.511622 0.178933 0.006008 0.042619
2 0.139383 0.265969 0.045842 0.053799
0 0.507442 0.179765 0.006627 0.043496
0 0.530281 0.190718 0.006791 0.038146
2 0.180974 0.304345 0.036372 0.048895
0 0.510168 0.179156 0.008828 0.044278
2 0.158014 0.067417 0.016696 0.027525
0 0.569170 0.198440 0.005959 0.041215
2 0.190068 0.065859 0.031450 0.032891
6 0.140048 0.464330 0.010433 0.039950
6 0.604334 0.355894 0.014446 0.054218
