2 0.421647 0.442266 0.076264 0.087596
2 0.462771 0.407178 0.085446 0.104167
2 0.363490 0.342793 0.068573 0.071527
2 0.937399 0.397053 0.089120 0.078233
2 0.045652 0.439327 0.091304 0.096434
2 0.263089 0.176375 0.038116 0.043314
2 0.294067 0.324367 0.069272 0.068389
2 0.466036 0.227137 0.059158 0.051619
2 0.318967 0.154575 0.043837 0.044354
2 0.383202 0.212890 0.050700 0.046201
2 0.186443 0.108300 0.034039 0.038125
2 0.172198 0.246521 0.072382 0.046687
2 0.103607 0.102787 0.032919 0.034065
2 0.195625 0.218354 0.050329 0.051460
2 0.245638 0.144421 0.037586 0.037257
0 0.311139 0.811304 0.028605 0.121817
2 0.301123 0.293388 0.056759 0.053534
0 0.261501 0.807561 0.021110 0.110104
0 0.104651 0.607019 0.018547 0.106730
2 0.244253 0.241299 0.048839 0.043118
0 0.334530 0.862372 0.022582 0.121624
0 0.065576 0.593776 0.019758 0.096333
2 0.034716 0.394448 0.069137 0.054327
0 0.050487 0.597835 0.020615 0.095442
0 0.398240 0.867681 0.030502 0.120801
2 0.197995 0.324346 0.049508 0.070904
0 0.134333 0.650408 0.020506 0.099694
0 0.226369 0.673368 0.019222 0.111200
0 0.564227 0.199066 0.011521 0.042808
0 0.477667 0.165166 0.008228 0.040986
0 0.528042 0.222347 0.011293 0.051280
0 0.167384 0.667049 0.019517 0.098440
0 0.240502 0.658076 0.013918 0.099602
0 0.342019 0.811967 0.024206 0.126296
0 0.589931 0.202708 0.008979 0.050924
0 0.845329 0.313722 0.008747 0.045353
0 0.362835 0.789901 0.026428 0.147705
0 0.500794 0.219745 0.011397 0.047723
0 0.509673 0.221569 0.008142 0.052816
2 0.111832 0.083146 0.026335 0.040648
2 0.157113 0.281144 0.044467 0.063481
2 0.015257 0.360011 0.030419 0.043186
7 0.139142 0.464984 0.012406 0.040293
0 0.445684 0.152992 0.008368 0.041147
0 0.458901 0.158332 0.007350 0.040603
0 0.432742 0.149576 0.010003 0.040753
0 0.601793 0.191544 0.006571 0.026092
0 0.151239 0.678053 0.024002 0.104570
0 0.572383 0.204462 0.008577 0.048883
7 0.602938 0.358589 0.012950 0.055922
0 0.537911 0.183747 0.007736 0.042598
4 0.288731 0.422766 0.184762 0.260659
2 0.139831 0.278823 0.079368 0.068484
0 0.342795 0.104049 0.006343 0.030878
0 0.486812 0.161094 0.008934 0.042553
0 0.151628 0.613710 0.017804 0.040596
0 0.250968 0.094421 0.010321 0.037271
