2 0.886485 0.902382 0.182202 0.177988
2 0.870720 0.758968 0.155232 0.178265
2 0.686120 0.738186 0.141803 0.172923
2 0.311261 0.352603 0.069986 0.072767
4 0.462853 0.162129 0.113602 0.108758
2 0.212912 0.395558 0.064974 0.084094
2 0.045639 0.439799 0.090824 0.095752
2 0.407437 0.364435 0.072427 0.088251
2 0.146637 0.414486 0.064941 0.083441
2 0.865849 0.536142 0.125837 0.088495
2 0.308949 0.423813 0.074090 0.084869
2 0.226903 0.334158 0.060910 0.075251
2 0.523178 0.603230 0.118165 0.127216
2 0.973060 0.888650 0.053589 0.115975
2 0.441754 0.527131 0.089726 0.105263
2 0.944599 0.488372 0.107270 0.082169
4 0.356319 0.121756 0.125191 0.100375
2 0.085694 0.144701 0.035118 0.040821
2 0.444364 0.216994 0.049898 0.044791
0 0.549172 0.466595 0.026482 0.079356
2 0.337160 0.233134 0.047113 0.042753
0 0.793713 0.425912 0.020551 0.068692
2 0.852480 0.478796 0.115211 0.067905
2 0.382498 0.186576 0.037905 0.040856
0 0.717830 0.438097 0.016046 0.080204
0 0.853144 0.418736 0.019373 0.062944
2 0.034553 0.392127 0.068737 0.051067
2 0.319035 0.153026 0.044700 0.046482
0 0.567652 0.199457 0.009291 0.042263
0 0.579177 0.203679 0.008884 0.051301
2 0.067607 0.167961 0.035082 0.044465
0 0.943729 0.315630 0.015725 0.057862
0 0.956591 0.313725 0.011768 0.061091
0 0.624660 0.226868 0.009018 0.045709
2 0.186932 0.247607 0.047654 0.043567
0 0.477473 0.484386 0.013346 0.069407
0 0.936066 0.308914 0.010593 0.059337
0 0.466748 0.471302 0.010418 0.068085
2 0.015424 0.357776 0.030685 0.039401
2 0.105944 0.286457 0.049295 0.065734
2 0.044769 0.137910 0.021705 0.037906
0 0.597502 0.210450 0.007606 0.051046
0 0.411255 0.465673 0.018553 0.040906
0 0.524355 0.172967 0.009519 0.040151
0 0.554406 0.192047 0.010266 0.054419
0 0.538914 0.183420 0.009519 0.047783
0 0.546193 0.191052 0.009146 0.046456
6 0.140048 0.466470 0.012039 0.041377
6 0.603130 0.358035 0.013644 0.049938
