4 0.213931 0.077971 0.094300 0.077932
2 0.541919 0.460978 0.096757 0.110014
2 0.527871 0.253361 0.062865 0.057731
2 0.427804 0.530261 0.088238 0.105840
2 0.557474 0.547034 0.094268 0.108031
2 0.187119 0.308356 0.054094 0.058012
2 0.676623 0.637027 0.137001 0.156642
2 0.783173 0.804919 0.157388 0.194239
2 0.368276 0.336850 0.061711 0.067848
2 0.780904 0.436930 0.092929 0.071219
2 0.045669 0.439243 0.091309 0.096353
2 0.626356 0.745127 0.112211 0.172851
2 0.172078 0.241385 0.045610 0.055196
2 0.467162 0.228555 0.052840 0.049733
2 0.415643 0.251230 0.053578 0.050185
2 0.082472 0.170836 0.036439 0.051321
2 0.232067 0.237889 0.048427 0.052640
2 0.942415 0.558342 0.115169 0.095363
2 0.280699 0.156516 0.042758 0.044522
2 0.891213 0.960893 0.151241 0.076632
2 0.154686 0.097510 0.031294 0.033455
2 0.922323 0.399316 0.072305 0.077713
0 0.871542 0.393000 0.013958 0.070734
0 0.021658 0.559322 0.018898 0.095226
2 0.034704 0.394404 0.069132 0.053967
0 0.949372 0.312574 0.012435 0.061523
0 0.485311 0.171841 0.008658 0.041851
0 0.036852 0.554124 0.017659 0.091972
0 0.118067 0.518873 0.010698 0.088898
0 0.519653 0.180845 0.008700 0.041916
2 0.319447 0.152761 0.043590 0.047998
4 0.692827 0.297450 0.155981 0.168068
0 0.897551 0.331312 0.009309 0.049908
0 0.934714 0.307441 0.014413 0.061343
0 0.343657 0.159601 0.006976 0.038464
0 0.603799 0.191546 0.007053 0.026002
0 0.533218 0.181369 0.008526 0.042429
0 0.475778 0.162473 0.006691 0.040129
0 0.922748 0.337540 0.012959 0.050798
0 0.951007 0.418240 0.014530 0.063963
0 0.564912 0.199144 0.011358 0.043988
2 0.015333 0.360184 0.030580 0.043368
0 0.912527 0.298020 0.008767 0.042213
0 0.284939 0.107812 0.005941 0.033211
0 0.961713 0.418732 0.012996 0.070889
0 0.467993 0.161939 0.009434 0.042276
0 0.911331 0.337384 0.013864 0.049163
0 0.571625 0.203346 0.010248 0.051676
7 0.139054 0.464854 0.012694 0.040137
7 0.602903 0.358863 0.013011 0.055042
0 0.501318 0.176879 0.006485 0.030594
0 0.555943 0.189652 0.009911 0.045815
0 0.495680 0.171202 0.009125 0.033065
0 0.510297 0.176832 0.006196 0.035206
0 0.583071 0.175847 0.008712 0.025456
0 0.444872 0.152854 0.007622 0.036378
0 0.620904 0.212471 0.009975 0.041148
0 0.549091 0.190849 0.007448 0.042790
2 0.992712 0.371757 0.014493 0.047146
0 0.332850 0.158900 0.008063 0.048738
4 0.766453 0.557072 0.333868 0.385233
