2 0.216347 0.398030 0.067260 0.082953
2 0.336817 0.385815 0.070877 0.079920
2 0.464087 0.307101 0.071597 0.067707
2 0.419798 0.377650 0.069925 0.076278
2 0.271840 0.387589 0.055892 0.079942
2 0.612083 0.519024 0.102071 0.083706
2 0.163788 0.281185 0.056059 0.077759
2 0.271968 0.175160 0.044914 0.047926
2 0.929062 0.698616 0.141787 0.133537
2 0.853072 0.747168 0.150597 0.145025
2 0.744815 0.600065 0.123839 0.114444
2 0.622041 0.671477 0.121764 0.132228
2 0.045693 0.439118 0.091387 0.096385
2 0.219284 0.334993 0.057850 0.066679
2 0.531715 0.462098 0.085436 0.088150
2 0.338851 0.206978 0.051752 0.047371
2 0.937492 0.396769 0.089939 0.077120
2 0.656050 0.610436 0.128890 0.128398
2 0.926326 0.901687 0.147349 0.181465
2 0.435943 0.244089 0.046418 0.049245
2 0.517434 0.593506 0.104315 0.116858
2 0.195426 0.126158 0.036082 0.034889
2 0.312607 0.151598 0.044476 0.043104
4 0.388681 0.136239 0.121220 0.107839
4 0.498000 0.179318 0.115654 0.113872
2 0.531013 0.535320 0.105594 0.107186
2 0.143425 0.084951 0.025967 0.039379
0 0.247561 0.784493 0.022760 0.116944
0 0.906325 0.332409 0.012152 0.054804
2 0.034772 0.394433 0.069225 0.054445
2 0.111626 0.247629 0.036933 0.052510
0 0.944680 0.415291 0.013064 0.068964
0 0.584801 0.203019 0.009122 0.043107
0 0.635758 0.224386 0.008496 0.046570
0 0.685088 0.248879 0.013010 0.051138
0 0.605339 0.204020 0.007715 0.045073
0 0.574261 0.201467 0.008088 0.049609
2 0.938472 0.978793 0.123057 0.042414
2 0.015284 0.360310 0.030508 0.043271
6 0.603694 0.358473 0.013388 0.054854
0 0.953920 0.419159 0.011243 0.062078
2 0.091920 0.063300 0.024703 0.024039
6 0.139339 0.464433 0.012108 0.040182
2 0.988168 0.371223 0.023651 0.045581
0 0.558697 0.192335 0.007218 0.041405
