2 0.704329 0.754307 0.146379 0.179964
2 0.887853 0.903113 0.182070 0.177815
2 0.872289 0.760078 0.156058 0.178435
4 0.462732 0.162095 0.113909 0.109009
2 0.212828 0.395591 0.065043 0.084101
2 0.328097 0.366680 0.073074 0.077272
2 0.308863 0.423210 0.073780 0.083888
2 0.240535 0.346036 0.062600 0.079682
2 0.258819 0.311049 0.055432 0.067235
2 0.045617 0.439716 0.090800 0.095358
2 0.783208 0.461863 0.105470 0.085031
2 0.146695 0.414512 0.064934 0.083688
2 0.407467 0.364806 0.072512 0.088166
2 0.523095 0.603774 0.118015 0.126011
2 0.442857 0.527189 0.089411 0.105320
2 0.973064 0.888314 0.053602 0.115681
2 0.900387 0.582899 0.109611 0.102281
2 0.638654 0.426205 0.084104 0.072478
2 0.687091 0.674462 0.157847 0.102252
4 0.355746 0.121469 0.124364 0.099420
2 0.924888 0.480525 0.111063 0.079734
2 0.956589 0.561370 0.086660 0.093589
2 0.163715 0.340652 0.052457 0.071678
0 0.309307 0.479051 0.029394 0.084580
2 0.444363 0.217321 0.049912 0.045353
2 0.187806 0.307114 0.055008 0.058430
2 0.175371 0.239852 0.033235 0.055709
0 0.963263 0.411052 0.015405 0.071568
2 0.382758 0.186765 0.038233 0.041291
2 0.325809 0.318844 0.061156 0.062257
5 0.118460 0.212244 0.088259 0.120047
2 0.034485 0.392518 0.068653 0.050832
0 0.470737 0.470175 0.021734 0.072728
0 0.502324 0.472156 0.012561 0.075335
2 0.319251 0.152576 0.045015 0.047692
0 0.940247 0.401119 0.013785 0.069260
0 0.889457 0.315969 0.011549 0.052518
0 0.943816 0.315714 0.017281 0.057358
0 0.810597 0.406263 0.011832 0.053866
0 0.612031 0.213323 0.009339 0.045183
0 0.578921 0.203691 0.009297 0.051725
0 0.936473 0.307220 0.012172 0.065781
0 0.972364 0.410510 0.010554 0.056758
0 0.774903 0.241040 0.011798 0.035748
0 0.831164 0.420095 0.017152 0.063986
0 0.956564 0.314605 0.010826 0.062038
2 0.015418 0.358173 0.030679 0.039742
0 0.565318 0.202871 0.007724 0.040739
0 0.569934 0.199086 0.005894 0.041957
0 0.598473 0.212883 0.008399 0.056078
0 0.554050 0.191149 0.008026 0.053092
0 0.546491 0.192974 0.011199 0.048115
0 0.539398 0.184512 0.010452 0.048446
0 0.527058 0.184759 0.009631 0.043367
0 0.206302 0.087893 0.009644 0.038160
0 0.331411 0.159528 0.007777 0.044935
6 0.138443 0.467184 0.012039 0.042804
6 0.603531 0.359461 0.014446 0.058498
