2 0.224775 0.403844 0.061140 0.084337
2 0.494196 0.325574 0.071522 0.067869
2 0.168941 0.361622 0.055597 0.078352
2 0.900884 0.436173 0.094321 0.082596
2 0.290258 0.393213 0.082939 0.105368
2 0.335642 0.377049 0.063473 0.076161
2 0.843740 0.484854 0.107327 0.084417
2 0.467487 0.262459 0.056897 0.051003
2 0.045661 0.439384 0.091231 0.096200
2 0.281927 0.324246 0.057181 0.057801
2 0.165011 0.291684 0.045928 0.062282
4 0.387872 0.136032 0.104520 0.095069
2 0.060578 0.149570 0.042002 0.050639
2 0.328519 0.207587 0.036928 0.045159
2 0.307724 0.175511 0.038015 0.039992
2 0.225161 0.142810 0.038761 0.030018
0 0.256226 0.778381 0.024395 0.112274
2 0.070485 0.200886 0.038953 0.058022
0 0.278478 0.775467 0.019846 0.108237
0 0.020691 0.633641 0.023455 0.093564
0 0.956954 0.314418 0.011527 0.060756
2 0.034691 0.394329 0.069166 0.053805
0 0.934706 0.306862 0.015269 0.062252
0 0.947903 0.312765 0.010806 0.057234
0 0.303525 0.770787 0.018609 0.119555
5 0.225482 0.315690 0.078370 0.124731
0 0.917137 0.305788 0.009039 0.059349
2 0.122169 0.087920 0.031475 0.031700
0 0.941780 0.398021 0.012926 0.056231
0 0.520962 0.180230 0.008860 0.042594
0 0.876695 0.322262 0.016763 0.053391
0 0.959422 0.417633 0.011912 0.072446
0 0.497714 0.218468 0.009812 0.044460
0 0.565720 0.198370 0.006468 0.042692
2 0.015299 0.360054 0.030536 0.043413
0 0.336857 0.768972 0.025750 0.111592
6 0.603333 0.359255 0.013935 0.056371
0 0.777381 0.282343 0.009733 0.057284
0 0.538784 0.182912 0.007272 0.042431
0 0.552281 0.190350 0.007434 0.045856
0 0.489237 0.169705 0.008128 0.041380
0 0.583329 0.193304 0.008615 0.043746
4 0.378475 0.312701 0.149929 0.190170
0 0.246958 0.095196 0.006969 0.036295
0 0.950036 0.416234 0.009463 0.063449
6 0.139331 0.464790 0.012450 0.040624
0 0.571719 0.204400 0.009708 0.050914
0 0.596789 0.198113 0.007823 0.045241
0 0.608824 0.202479 0.008093 0.047405
0 0.344121 0.160475 0.005996 0.038343
0 0.544753 0.189823 0.010666 0.042978
0 0.603357 0.203724 0.007524 0.048555
2 0.992677 0.370755 0.014594 0.045007
0 0.455732 0.153084 0.006594 0.041055
4 0.257180 0.216854 0.119045 0.127206
0 0.332721 0.159165 0.007669 0.043206
0 0.209696 0.087492 0.007093 0.033514
