2 0.912639 0.837286 0.158992 0.189979
2 0.955191 0.401290 0.076727 0.070294
2 0.207704 0.392688 0.065798 0.081490
2 0.974433 0.957499 0.050774 0.083934
2 0.904653 0.541361 0.121038 0.094414
2 0.961384 0.521078 0.077118 0.085589
4 0.460576 0.159926 0.107216 0.105905
2 0.362291 0.389438 0.062777 0.080822
2 0.046788 0.439323 0.093160 0.094165
2 0.169055 0.199012 0.043476 0.050061
2 0.307883 0.353622 0.060942 0.074545
2 0.265589 0.388576 0.064398 0.078187
2 0.983037 0.820330 0.033541 0.083216
2 0.118813 0.374118 0.058062 0.078905
2 0.122761 0.162999 0.038629 0.043882
4 0.314437 0.109445 0.132753 0.096970
2 0.311885 0.293600 0.048017 0.053747
2 0.322911 0.154366 0.038509 0.043976
0 0.464580 0.490042 0.021783 0.077038
0 0.712376 0.430486 0.024437 0.074892
2 0.425697 0.371793 0.082842 0.100699
2 0.035963 0.394265 0.071927 0.054474
2 0.297345 0.162006 0.046592 0.038999
0 0.904572 0.436328 0.022315 0.067413
0 0.602953 0.459000 0.020954 0.077029
2 0.236854 0.336994 0.059088 0.080280
0 0.891976 0.434148 0.011455 0.063884
0 0.523306 0.494517 0.016018 0.077589
2 0.245026 0.241606 0.051709 0.043640
0 0.946272 0.315542 0.010383 0.057669
0 0.955722 0.312559 0.011939 0.062409
0 0.807513 0.433593 0.013554 0.069560
0 0.796698 0.427289 0.013454 0.069779
0 0.511001 0.491013 0.016533 0.078715
2 0.173099 0.298155 0.053835 0.060645
0 0.580310 0.202920 0.008563 0.053040
0 0.937913 0.306397 0.011648 0.062926
0 0.537217 0.185473 0.009467 0.045018
0 0.848317 0.277908 0.011357 0.049120
2 0.201985 0.271799 0.041169 0.060283
0 0.607904 0.218548 0.009281 0.048874
2 0.249665 0.303741 0.055378 0.062120
2 0.121447 0.297718 0.057763 0.082752
0 0.568375 0.200362 0.006323 0.041627
0 0.615026 0.217753 0.007947 0.047726
0 0.691113 0.246799 0.009349 0.049320
2 0.016572 0.359253 0.033060 0.041819
0 0.602799 0.193562 0.006945 0.028891
0 0.574022 0.199747 0.007509 0.042936
0 0.550728 0.190802 0.012706 0.045831
0 0.628981 0.225143 0.008036 0.044111
2 0.158734 0.067016 0.016793 0.025871
0 0.393247 0.134181 0.006862 0.038452
2 0.072631 0.060461 0.017568 0.031357
0 0.514586 0.182315 0.005327 0.042508
2 0.190858 0.066603 0.031363 0.032439
0 0.399135 0.136315 0.007284 0.041026
0 0.523525 0.181285 0.006669 0.039261
6 0.604735 0.356608 0.015249 0.052791
6 0.140851 0.462904 0.013644 0.037096
