2 0.463852 0.471737 0.081974 0.093750
2 0.294495 0.476767 0.070331 0.098020
2 0.380512 0.348812 0.065835 0.071777
2 0.597049 0.516541 0.099294 0.100494
2 0.937415 0.396919 0.089128 0.078295
2 0.655070 0.613578 0.125138 0.118321
2 0.259624 0.374636 0.062578 0.077753
2 0.162127 0.229213 0.051063 0.063019
2 0.853712 0.658547 0.140835 0.127151
2 0.509838 0.585047 0.109079 0.110467
2 0.709516 0.582313 0.118120 0.112804
2 0.524184 0.459748 0.083708 0.093750
2 0.542860 0.699279 0.121001 0.138668
2 0.045718 0.439159 0.091344 0.096425
2 0.811786 0.808418 0.158773 0.160276
2 0.454138 0.221593 0.058082 0.049347
2 0.749114 0.892818 0.165008 0.178826
2 0.076660 0.164202 0.041302 0.045299
2 0.948868 0.510336 0.102263 0.092051
2 0.776471 0.699026 0.147332 0.129928
2 0.283729 0.187342 0.043840 0.042421
2 0.318810 0.150880 0.043931 0.037306
4 0.392205 0.136661 0.130619 0.108059
2 0.133917 0.100102 0.033347 0.034363
2 0.325922 0.184567 0.043353 0.042309
0 0.029391 0.563221 0.016561 0.092094
2 0.920256 0.965153 0.153628 0.068339
0 0.387319 0.936728 0.034136 0.126514
4 0.728149 0.325850 0.183610 0.174638
2 0.034880 0.394250 0.069401 0.054091
2 0.631759 0.367371 0.058290 0.064295
2 0.985133 0.735188 0.029735 0.101432
0 0.574590 0.194434 0.007963 0.036915
0 0.650542 0.219007 0.009020 0.043392
0 0.567637 0.190912 0.006962 0.040530
2 0.015244 0.360065 0.030410 0.043333
0 0.504055 0.177338 0.008578 0.040794
0 0.540291 0.184073 0.007107 0.042878
7 0.139213 0.464870 0.012404 0.040088
7 0.603004 0.358627 0.013228 0.056961
0 0.467657 0.169649 0.006271 0.035119
0 0.532261 0.180888 0.007766 0.041686
0 0.510388 0.177257 0.005624 0.034992
0 0.481744 0.172636 0.005936 0.039925
0 0.251499 0.095801 0.007526 0.037271
