2 0.168933 0.361551 0.055564 0.078387
2 0.226556 0.405369 0.061663 0.083820
2 0.337606 0.378160 0.064423 0.075735
2 0.290810 0.394446 0.082740 0.107798
2 0.521884 0.283669 0.061292 0.057755
2 0.728641 0.345002 0.081087 0.070493
2 0.165086 0.291428 0.045998 0.062502
2 0.815664 0.403804 0.096789 0.069997
2 0.045726 0.439140 0.091452 0.096286
2 0.281990 0.324140 0.056994 0.057696
2 0.210165 0.124833 0.035044 0.035147
2 0.325681 0.195722 0.047948 0.044034
4 0.388364 0.135849 0.104021 0.094530
2 0.123162 0.245191 0.049575 0.057771
0 0.396890 0.834591 0.031378 0.077804
2 0.086542 0.269416 0.032810 0.059287
2 0.176729 0.237574 0.055633 0.060520
0 0.261992 0.780816 0.018948 0.112415
0 0.072444 0.505160 0.015740 0.094418
2 0.388551 0.933734 0.200195 0.132532
2 0.106029 0.082756 0.026241 0.030552
0 0.395251 0.777684 0.025353 0.073760
0 0.301389 0.775366 0.020107 0.118715
2 0.034620 0.394318 0.068911 0.053946
0 0.282651 0.777038 0.019011 0.108030
0 0.942070 0.403636 0.014771 0.065552
0 0.934876 0.307652 0.015327 0.063898
0 0.917325 0.305835 0.009650 0.058522
0 0.521069 0.180269 0.008725 0.042867
4 0.386555 0.322278 0.159117 0.188806
5 0.225468 0.321719 0.079462 0.113020
0 0.565103 0.198493 0.010760 0.043859
0 0.961730 0.418518 0.012416 0.071838
2 0.319644 0.152561 0.045232 0.045032
0 0.953023 0.312942 0.010155 0.060276
0 0.950976 0.416502 0.012785 0.064222
0 0.503518 0.220856 0.010202 0.045535
2 0.015300 0.359827 0.030517 0.043143
0 0.246917 0.095468 0.006959 0.036981
0 0.653860 0.230470 0.010373 0.048619
0 0.476279 0.162088 0.006509 0.038811
2 0.063578 0.075809 0.016670 0.033186
0 0.946361 0.312102 0.011240 0.057300
7 0.603068 0.359154 0.012825 0.055429
0 0.552301 0.189917 0.007487 0.046464
7 0.139145 0.464835 0.012605 0.040115
0 0.661756 0.228874 0.007206 0.043966
0 0.603524 0.191162 0.006886 0.026224
2 0.078367 0.057388 0.024091 0.026378
0 0.484190 0.168839 0.006985 0.042519
0 0.538626 0.183054 0.006563 0.042467
0 0.345045 0.160611 0.006733 0.037233
0 0.647918 0.220629 0.009650 0.048755
0 0.571881 0.203493 0.010749 0.051156
0 0.496083 0.171415 0.009485 0.032521
0 0.451621 0.167081 0.007419 0.043003
2 0.992671 0.370859 0.014594 0.045555
0 0.466063 0.160299 0.008968 0.047059
4 0.258908 0.224728 0.121971 0.140546
0 0.443784 0.155656 0.006496 0.034612
0 0.332998 0.158011 0.009181 0.035685
0 0.210330 0.089296 0.007345 0.032453
