2 0.839033 0.531892 0.105831 0.088741
2 0.937386 0.397325 0.089100 0.077875
2 0.417669 0.370879 0.079513 0.095134
2 0.334178 0.368003 0.064599 0.075423
2 0.897717 0.491443 0.070017 0.084359
2 0.938491 0.593924 0.123017 0.102626
2 0.274111 0.317209 0.066548 0.083679
2 0.045653 0.439069 0.091305 0.096701
2 0.102446 0.237999 0.049593 0.055832
2 0.830046 0.948463 0.185287 0.103075
2 0.201584 0.217159 0.046071 0.051090
2 0.342710 0.326522 0.066767 0.066918
2 0.318987 0.154405 0.043823 0.043976
2 0.221267 0.127660 0.038259 0.036660
4 0.380248 0.130041 0.102085 0.093313
0 0.333950 0.780772 0.024041 0.114371
0 0.605495 0.476423 0.019941 0.075995
0 0.576826 0.450170 0.019011 0.079431
0 0.713862 0.430056 0.013813 0.073596
0 0.793200 0.432301 0.013172 0.073176
2 0.148493 0.087974 0.032898 0.036818
2 0.034917 0.394420 0.069495 0.054065
0 0.913825 0.333809 0.016025 0.057462
0 0.896734 0.338273 0.009731 0.037734
0 0.837078 0.311487 0.012232 0.048729
0 0.775800 0.436662 0.019717 0.073290
0 0.807369 0.427131 0.016979 0.066340
0 0.724306 0.434633 0.014283 0.067986
0 0.673724 0.439888 0.013211 0.060432
2 0.285255 0.373822 0.022928 0.070213
0 0.478587 0.164726 0.008416 0.040809
2 0.015243 0.360020 0.030400 0.043302
6 0.603411 0.358442 0.013432 0.055125
0 0.615655 0.451810 0.014412 0.089907
0 0.826115 0.450945 0.011433 0.069097
0 0.532243 0.181064 0.007743 0.042206
0 0.564599 0.198958 0.011658 0.043260
0 0.655914 0.235380 0.008567 0.047952
0 0.548679 0.190430 0.006950 0.045307
0 0.463746 0.159363 0.006679 0.038030
0 0.446842 0.152717 0.006918 0.039454
6 0.139229 0.464728 0.012387 0.040842
0 0.510328 0.177166 0.005978 0.034917
4 0.202057 0.351162 0.146764 0.215905
0 0.734964 0.261248 0.010785 0.054300
0 0.765193 0.433501 0.013313 0.069160
0 0.566837 0.198637 0.007603 0.041516
0 0.452963 0.152859 0.005975 0.040022
0 0.538862 0.186885 0.007416 0.046650
0 0.603352 0.191450 0.007089 0.025305
0 0.183967 0.073048 0.005443 0.031865
0 0.572266 0.203913 0.009118 0.049912
0 0.745364 0.450578 0.016511 0.070139
2 0.987838 0.569949 0.024253 0.072269
0 0.250848 0.096748 0.007016 0.038678
0 0.953700 0.240174 0.005404 0.031111
0 0.490311 0.167962 0.007562 0.045877
0 0.758260 0.269453 0.012772 0.063303
0 0.764453 0.266701 0.011224 0.052294
