2 0.890332 0.911928 0.171471 0.173500
2 0.824761 0.741482 0.152015 0.170735
2 0.677277 0.734565 0.130896 0.144926
2 0.930668 0.708837 0.138189 0.152579
2 0.667616 0.631166 0.113971 0.115442
2 0.746040 0.605236 0.133228 0.127906
2 0.233622 0.359205 0.061805 0.074761
2 0.328499 0.363140 0.066636 0.077499
2 0.874657 0.572550 0.128484 0.095637
2 0.408741 0.429869 0.071979 0.085553
2 0.312754 0.417517 0.073971 0.083854
2 0.045721 0.439648 0.090737 0.095681
2 0.512040 0.587339 0.109580 0.139260
2 0.389178 0.488146 0.093093 0.103180
2 0.591287 0.499553 0.106399 0.103457
2 0.573380 0.546317 0.101661 0.108417
2 0.818202 0.423515 0.092644 0.075408
2 0.256937 0.195393 0.046316 0.048570
2 0.962250 0.880627 0.075136 0.134253
2 0.640162 0.377384 0.073848 0.065069
2 0.441606 0.280351 0.061125 0.061480
2 0.318708 0.153976 0.043998 0.044592
2 0.781449 0.530179 0.098932 0.082997
2 0.191794 0.919313 0.229948 0.159771
2 0.452608 0.219861 0.041416 0.044884
0 0.048752 0.582742 0.020442 0.096595
0 0.324426 0.803192 0.023417 0.122523
2 0.515709 0.254418 0.050204 0.048435
0 0.940898 0.313500 0.013899 0.060962
0 0.010919 0.572565 0.016282 0.101001
2 0.488418 0.270759 0.056790 0.052625
2 0.034897 0.392046 0.069404 0.051135
0 0.880735 0.325303 0.011744 0.052994
2 0.477736 0.459247 0.071596 0.113379
0 0.956124 0.314298 0.011598 0.060552
0 0.522911 0.178935 0.009108 0.044034
0 0.472511 0.166280 0.006711 0.036389
2 0.120679 0.095846 0.033203 0.037359
0 0.581845 0.204835 0.012538 0.051581
0 0.159242 0.538850 0.015604 0.091099
2 0.992263 0.368193 0.015230 0.037849
0 0.511755 0.177898 0.007263 0.043647
0 0.634960 0.214239 0.009579 0.045023
0 0.950369 0.312749 0.010070 0.058656
0 0.571475 0.199111 0.006948 0.041789
0 0.044284 0.526161 0.014284 0.051154
2 0.137607 0.080056 0.019067 0.031787
0 0.563005 0.198821 0.007192 0.042525
2 0.015429 0.357745 0.030678 0.039151
0 0.538658 0.183645 0.006916 0.041971
0 0.551393 0.191284 0.008206 0.046239
0 0.936700 0.309184 0.009492 0.059000
0 0.497094 0.166318 0.011211 0.044562
0 0.430507 0.149562 0.006482 0.043356
0 0.437101 0.151092 0.007001 0.043440
0 0.732983 0.258285 0.006605 0.047838
5 0.089591 0.060631 0.022075 0.030669
0 0.461365 0.154479 0.007027 0.036176
0 0.545886 0.191613 0.007780 0.044628
0 0.393267 0.134026 0.006966 0.038188
0 0.601265 0.191239 0.006719 0.024426
0 0.567176 0.196886 0.006002 0.041637
0 0.871642 0.333364 0.006731 0.028471
0 0.421540 0.145342 0.009507 0.031363
2 0.189539 0.066165 0.031734 0.033440
0 0.116219 0.505683 0.007836 0.050926
7 0.139647 0.465757 0.012841 0.037096
7 0.602729 0.362315 0.012841 0.061352
