2 0.897679 0.890264 0.176105 0.179871
2 0.311384 0.352730 0.060947 0.074460
2 0.925776 0.446398 0.070472 0.079542
4 0.411588 0.142321 0.137606 0.111541
2 0.153224 0.226951 0.044667 0.053598
4 0.536424 0.188862 0.114733 0.118069
2 0.739279 0.690555 0.127273 0.153930
2 0.269126 0.387760 0.064358 0.078002
2 0.365666 0.387451 0.062650 0.079531
2 0.323435 0.151926 0.043841 0.042819
2 0.308203 0.190964 0.043184 0.048964
2 0.429062 0.369831 0.082343 0.100525
2 0.258409 0.147437 0.038272 0.038098
0 0.868449 0.404879 0.020104 0.070349
0 0.400655 0.488923 0.025254 0.082113
2 0.240173 0.339707 0.058641 0.088092
2 0.063271 0.144390 0.042730 0.043409
2 0.125155 0.158560 0.032191 0.044371
2 0.457499 0.217460 0.052044 0.043497
0 0.276352 0.515491 0.013976 0.079885
0 0.875364 0.304655 0.011061 0.055688
0 0.890572 0.299595 0.011991 0.057927
0 0.950646 0.310986 0.010623 0.058306
2 0.253175 0.302803 0.055049 0.062364
0 0.959888 0.307730 0.011036 0.063011
0 0.654702 0.450554 0.015280 0.069504
0 0.943755 0.301252 0.011029 0.063808
0 0.986879 0.408069 0.011778 0.049308
2 0.175719 0.302750 0.052967 0.047551
0 0.617766 0.215621 0.008650 0.047314
0 0.974625 0.415043 0.013333 0.060919
2 0.070631 0.062134 0.021832 0.027601
0 0.630570 0.222057 0.008554 0.044233
2 0.018860 0.357784 0.036116 0.039025
0 0.625092 0.216893 0.007500 0.051238
0 0.335883 0.523372 0.018037 0.076906
0 0.325852 0.523040 0.024379 0.083756
2 0.114444 0.301385 0.044475 0.064085
0 0.605676 0.188884 0.005799 0.026996
2 0.114524 0.283750 0.045024 0.099390
2 0.167615 0.067538 0.027506 0.028807
2 0.041332 0.385144 0.082665 0.067059
2 0.050963 0.437221 0.101926 0.105582
6 0.607544 0.354468 0.014446 0.057072
6 0.145265 0.465757 0.012841 0.042804
