2 0.946446 0.835389 0.106769 0.181759
2 0.745806 0.787065 0.157958 0.169431
2 0.230929 0.408386 0.068718 0.078497
2 0.920214 0.554715 0.121280 0.096462
2 0.045652 0.439651 0.090878 0.095899
2 0.312318 0.427529 0.074728 0.084769
2 0.407506 0.364789 0.072404 0.088182
4 0.273134 0.095234 0.104294 0.084042
2 0.955664 0.954008 0.088380 0.088701
2 0.334454 0.371551 0.064837 0.076809
2 0.544271 0.332138 0.060436 0.063615
2 0.730679 0.439119 0.090267 0.078253
2 0.235011 0.471550 0.076259 0.095549
2 0.547907 0.540044 0.107956 0.110782
2 0.524576 0.598692 0.102512 0.117031
2 0.342349 0.334374 0.061272 0.070020
2 0.111400 0.715405 0.136691 0.147778
2 0.251499 0.308039 0.057125 0.059465
2 0.279268 0.210511 0.050149 0.047520
2 0.257603 0.580291 0.074874 0.117888
2 0.458412 0.257078 0.059146 0.050947
2 0.095430 0.228493 0.036348 0.054597
2 0.266543 0.368964 0.064874 0.081008
0 0.942701 0.408408 0.016225 0.066934
2 0.169791 0.188725 0.053875 0.057085
2 0.399247 0.214038 0.049839 0.050088
2 0.105483 0.181765 0.040808 0.042780
0 0.342232 0.918104 0.036016 0.140538
5 0.162089 0.331317 0.049354 0.099014
2 0.034742 0.392356 0.069108 0.051309
0 0.963869 0.411324 0.016649 0.070783
0 0.534677 0.243738 0.011474 0.052568
2 0.306023 0.170169 0.047505 0.052773
0 0.906544 0.326216 0.011728 0.056243
2 0.195852 0.138550 0.040804 0.043929
0 0.844904 0.311938 0.009871 0.047274
0 0.866781 0.324658 0.010182 0.042468
2 0.223004 0.335403 0.055142 0.069003
0 0.934773 0.307830 0.013895 0.066235
2 0.143985 0.108335 0.033826 0.034907
2 0.415962 0.199939 0.040204 0.042794
0 0.974555 0.411517 0.009675 0.054432
2 0.184883 0.104055 0.028350 0.032861
0 0.954762 0.313846 0.012488 0.059961
0 0.580927 0.203670 0.010512 0.052182
0 0.912410 0.305297 0.011628 0.057998
0 0.452692 0.949183 0.022651 0.101303
0 0.568389 0.199265 0.009499 0.040772
0 0.505405 0.183335 0.007427 0.041534
4 0.061790 0.103809 0.037361 0.078443
5 0.147316 0.271578 0.112325 0.137108
4 0.167972 0.067064 0.052088 0.064314
0 0.513591 0.177856 0.006938 0.042486
0 0.523407 0.181050 0.008903 0.046858
0 0.598788 0.207929 0.011127 0.056647
0 0.949349 0.312384 0.010129 0.056242
0 0.528406 0.192692 0.005041 0.025184
2 0.015382 0.358185 0.030688 0.039709
0 0.683374 0.240993 0.011893 0.042862
7 0.138443 0.465757 0.013644 0.039950
7 0.603531 0.358748 0.012841 0.054218
0 0.340859 0.160337 0.009851 0.046317
