2 0.438345 0.276674 0.066096 0.062419
2 0.519752 0.453758 0.067680 0.094393
2 0.644259 0.526570 0.118191 0.101713
4 0.317265 0.106050 0.099539 0.086655
2 0.334351 0.367809 0.064478 0.074553
2 0.360686 0.191440 0.051367 0.049242
2 0.295957 0.185356 0.047358 0.048740
2 0.045640 0.439293 0.091277 0.096757
2 0.147929 0.215612 0.049926 0.060917
2 0.123610 0.161429 0.044895 0.052235
2 0.095703 0.229178 0.043001 0.056157
2 0.807916 0.474018 0.069299 0.095194
4 0.461979 0.161589 0.109773 0.106262
2 0.318939 0.153807 0.044055 0.042955
2 0.085416 0.079730 0.029766 0.030644
2 0.167646 0.122542 0.030823 0.035438
2 0.428092 0.235047 0.060098 0.044291
0 0.199212 0.517885 0.030118 0.088849
0 0.026752 0.537377 0.023491 0.096163
0 0.119879 0.662404 0.023991 0.097219
0 0.009458 0.545014 0.018915 0.100575
0 0.826234 0.404017 0.014641 0.067734
2 0.429126 0.205655 0.050616 0.040205
0 0.867757 0.395635 0.013007 0.060732
2 0.034908 0.394390 0.069496 0.054139
0 0.930972 0.305322 0.013781 0.061077
0 0.150417 0.562073 0.013921 0.087924
0 0.913768 0.305608 0.009703 0.058450
2 0.929183 0.399618 0.073038 0.081640
2 0.806359 0.556595 0.048102 0.073342
0 0.945744 0.311727 0.012641 0.060534
0 0.885757 0.301950 0.011570 0.054759
2 0.015234 0.359897 0.030394 0.043161
4 0.903885 0.655579 0.191254 0.292011
0 0.603395 0.191178 0.007268 0.025432
6 0.603302 0.358652 0.013782 0.055911
0 0.975974 0.408840 0.011789 0.060213
0 0.733065 0.277408 0.007656 0.033925
0 0.564367 0.199291 0.011328 0.043970
0 0.968250 0.405299 0.010564 0.071465
0 0.575581 0.193980 0.006279 0.037405
0 0.956427 0.428430 0.011979 0.071415
6 0.139353 0.464698 0.012306 0.041064
0 0.532440 0.181719 0.007785 0.042989
0 0.546612 0.194734 0.010693 0.046175
4 0.184176 0.344390 0.164792 0.215405
0 0.868703 0.314631 0.011822 0.057191
0 0.538605 0.184311 0.007162 0.044068
0 0.250760 0.096415 0.007042 0.037536
0 0.570091 0.204032 0.007777 0.050335
0 0.941869 0.407354 0.014321 0.076376
