2 0.831112 0.855969 0.158091 0.173811
2 0.725139 0.907848 0.144231 0.180748
2 0.939926 0.866560 0.119790 0.170252
2 0.045665 0.439402 0.090950 0.095222
2 0.572955 0.769373 0.128119 0.153783
2 0.366922 0.381363 0.068174 0.075438
2 0.794915 0.710777 0.126700 0.148574
2 0.882175 0.506515 0.110427 0.081860
2 0.355859 0.179454 0.051178 0.041198
2 0.290611 0.392274 0.083177 0.105508
2 0.224806 0.404146 0.061442 0.085050
4 0.071749 0.115361 0.060473 0.089069
2 0.285393 0.168684 0.040317 0.039075
2 0.463011 0.550438 0.094545 0.110269
2 0.193016 0.111227 0.036909 0.041714
0 0.026494 0.599594 0.018495 0.095906
0 0.921037 0.407091 0.013787 0.068054
4 0.899390 0.666445 0.200731 0.286275
0 0.963158 0.418042 0.012486 0.070473
0 0.170577 0.545702 0.012906 0.097586
0 0.935000 0.409558 0.015059 0.069776
0 0.949225 0.412406 0.015131 0.072950
0 0.765159 0.270853 0.010685 0.054970
2 0.034468 0.392377 0.068642 0.050727
0 0.904720 0.397439 0.012261 0.067795
0 0.837465 0.391758 0.012273 0.070959
2 0.319369 0.154102 0.044563 0.043732
0 0.917374 0.305962 0.012926 0.059570
5 0.225057 0.323262 0.078772 0.110060
0 0.936517 0.307847 0.016408 0.064427
2 0.885396 0.468683 0.102864 0.067448
0 0.953856 0.313700 0.013658 0.061199
0 0.504399 0.183116 0.007093 0.041075
0 0.284363 0.122293 0.006672 0.033465
0 0.195521 0.541901 0.012914 0.084438
0 0.570250 0.201601 0.007541 0.052835
0 0.481067 0.164022 0.005944 0.036567
0 0.049094 0.602746 0.015700 0.094398
0 0.513629 0.177565 0.007223 0.042841
0 0.582711 0.196024 0.008124 0.042067
0 0.565615 0.198578 0.006079 0.043201
0 0.524491 0.179973 0.007888 0.043014
0 0.589147 0.196282 0.005509 0.037554
0 0.110697 0.095633 0.006740 0.037168
0 0.446225 0.157053 0.008439 0.041894
2 0.269722 0.313263 0.034873 0.057112
2 0.565533 0.463921 0.099991 0.103619
0 0.597434 0.211490 0.008851 0.049110
0 0.396283 0.136117 0.006894 0.037720
2 0.015401 0.358478 0.030657 0.040520
2 0.084357 0.059724 0.024469 0.029409
0 0.603307 0.190495 0.007137 0.024274
0 0.551493 0.190808 0.009955 0.051709
0 0.542627 0.194126 0.011199 0.044520
0 0.538894 0.183895 0.009333 0.047285
0 0.519140 0.182789 0.009021 0.046179
0 0.495808 0.172281 0.012132 0.037883
0 0.461967 0.154577 0.011871 0.041014
0 0.436292 0.151462 0.009181 0.044743
0 0.407442 0.140430 0.011162 0.045127
0 0.291428 0.083585 0.009721 0.038790
5 0.616372 0.648386 0.248796 0.319600
5 0.517255 0.480025 0.089085 0.111289
7 0.138844 0.464330 0.014446 0.037096
7 0.603130 0.359461 0.016854 0.061352
0 0.343553 0.150973 0.007021 0.028996
