2 0.714411 0.909629 0.160713 0.176438
2 0.290460 0.392026 0.083014 0.105494
2 0.045677 0.439337 0.090902 0.095605
2 0.115649 0.198192 0.041463 0.048477
2 0.334298 0.376664 0.066089 0.075299
5 0.559960 0.522834 0.086740 0.137608
2 0.953703 0.950561 0.091903 0.095503
2 0.555639 0.291277 0.062954 0.055991
0 0.232521 0.532067 0.024596 0.084833
2 0.148826 0.092371 0.031258 0.031822
2 0.224912 0.403722 0.061834 0.084860
2 0.672729 0.362737 0.067792 0.070056
4 0.919910 0.681070 0.159204 0.270105
0 0.045086 0.603239 0.023092 0.095799
0 0.957876 0.419730 0.012547 0.067212
0 0.190143 0.546757 0.016231 0.093650
0 0.929949 0.421293 0.017133 0.070866
0 0.905176 0.397366 0.011477 0.067681
2 0.978437 0.876758 0.042768 0.069324
2 0.907508 0.531155 0.124497 0.080880
2 0.033599 0.392182 0.066804 0.051089
0 0.921431 0.407640 0.014349 0.066377
0 0.837360 0.391865 0.012200 0.070961
2 0.187224 0.125111 0.041284 0.053883
5 0.232743 0.323047 0.093139 0.113384
0 0.056509 0.593651 0.012653 0.097146
2 0.318972 0.154107 0.044161 0.044632
0 0.933541 0.306940 0.014206 0.064894
0 0.027708 0.601718 0.015715 0.090670
2 0.872905 0.975415 0.103036 0.048311
0 0.344044 0.154387 0.008132 0.049733
2 0.080401 0.055957 0.025563 0.026645
0 0.521410 0.179324 0.008890 0.045077
0 0.952464 0.313560 0.011852 0.060011
0 0.937176 0.408860 0.008943 0.068555
0 0.233358 0.097534 0.006692 0.036426
0 0.505413 0.182285 0.007330 0.037866
0 0.514219 0.177090 0.007233 0.041813
0 0.564890 0.198467 0.007086 0.044434
0 0.595657 0.211415 0.008776 0.050785
0 0.948287 0.312289 0.008096 0.056953
2 0.015479 0.358024 0.030775 0.040052
0 0.918035 0.303784 0.009215 0.054421
0 0.444778 0.153644 0.007904 0.040081
0 0.915320 0.341985 0.012755 0.054199
0 0.603562 0.192598 0.008944 0.029726
0 0.577249 0.193058 0.008166 0.041709
0 0.570314 0.204695 0.009333 0.053461
0 0.551909 0.190063 0.008036 0.051848
0 0.543030 0.190294 0.009981 0.045395
0 0.538299 0.182574 0.007777 0.045165
0 0.505349 0.217231 0.010421 0.047562
0 0.464822 0.157148 0.011666 0.047623
0 0.454237 0.155419 0.009505 0.042630
0 0.335478 0.101771 0.009177 0.039543
0 0.343411 0.102601 0.009177 0.038989
0 0.404928 0.140761 0.007466 0.043414
0 0.395829 0.136060 0.009177 0.044520
0 0.437013 0.151892 0.007751 0.043118
0 0.488208 0.163783 0.008126 0.043340
0 0.298484 0.076870 0.008230 0.032227
5 0.735554 0.730426 0.289727 0.372391
2 0.548957 0.624844 0.118780 0.144106
4 0.374799 0.320225 0.165329 0.205458
6 0.139647 0.466470 0.014446 0.044230
6 0.603130 0.356608 0.013644 0.058498
