2 0.926112 0.926575 0.146310 0.143268
2 0.655129 0.854144 0.148142 0.171281
2 0.085361 0.169348 0.038636 0.047510
2 0.290403 0.392366 0.083184 0.104613
2 0.810203 0.943562 0.148077 0.110289
2 0.045635 0.439663 0.090863 0.095652
2 0.389717 0.251128 0.055383 0.051244
2 0.335645 0.376880 0.062881 0.075303
2 0.948020 0.862921 0.103645 0.137389
5 0.225852 0.316467 0.080132 0.127011
2 0.355749 0.201078 0.047048 0.044093
2 0.235300 0.134984 0.037942 0.036851
2 0.200491 0.138825 0.036705 0.037971
2 0.224866 0.403551 0.061883 0.084449
4 0.899861 0.667130 0.197954 0.285404
0 0.043684 0.603259 0.025534 0.095793
2 0.682164 0.561234 0.119022 0.089425
0 0.025432 0.599425 0.017329 0.096186
0 0.921990 0.407116 0.014659 0.068647
5 0.550536 0.516907 0.085014 0.139024
0 0.905899 0.397502 0.011832 0.067920
0 0.949249 0.412915 0.014902 0.071803
2 0.033743 0.392349 0.067114 0.050744
0 0.838629 0.391930 0.014760 0.070608
2 0.780865 0.546678 0.115438 0.111665
0 0.963122 0.418124 0.011306 0.070264
0 0.951484 0.313229 0.012452 0.061134
0 0.934844 0.409660 0.013229 0.069295
0 0.183359 0.547563 0.013548 0.096778
2 0.318800 0.152998 0.044480 0.045896
0 0.933365 0.307487 0.014411 0.065109
0 0.196546 0.542810 0.014935 0.084399
2 0.294242 0.182389 0.040295 0.037403
0 0.918235 0.306318 0.011044 0.060218
0 0.177943 0.098489 0.007149 0.038807
0 0.053571 0.592806 0.013317 0.096043
0 0.523797 0.180066 0.009439 0.043251
0 0.715635 0.242701 0.007901 0.053624
0 0.505357 0.183825 0.007035 0.039595
2 0.687008 0.396772 0.096713 0.103735
0 0.482771 0.164253 0.006849 0.036468
0 0.565600 0.198495 0.006367 0.043267
0 0.514107 0.177121 0.007490 0.043256
4 0.272414 0.242923 0.126288 0.151436
0 0.570396 0.202356 0.007759 0.052466
0 0.595666 0.211373 0.008568 0.050865
2 0.081232 0.054992 0.024700 0.025898
2 0.532809 0.614705 0.093977 0.124799
0 0.496452 0.176177 0.008208 0.040057
0 0.577552 0.193055 0.006588 0.036821
0 0.463778 0.155472 0.011018 0.047431
0 0.450492 0.160849 0.008642 0.042054
0 0.443741 0.153840 0.008317 0.041094
0 0.436233 0.153840 0.008857 0.044551
0 0.396748 0.136144 0.008731 0.039846
0 0.404489 0.139744 0.008551 0.042566
0 0.286600 0.067435 0.009177 0.029311
0 0.309776 0.086101 0.008555 0.030694
5 0.701846 0.684769 0.265650 0.378099
6 0.138443 0.466470 0.013644 0.044230
0 0.343191 0.158988 0.008063 0.043801
