2 0.478451 0.423728 0.074852 0.084673
2 0.382019 0.349649 0.064723 0.072533
2 0.422566 0.448151 0.073289 0.089808
2 0.292337 0.337582 0.060478 0.080106
2 0.527857 0.253306 0.063086 0.057567
2 0.932566 0.398618 0.088723 0.077690
2 0.608031 0.674882 0.120015 0.132496
2 0.876363 0.807659 0.149640 0.159975
2 0.045674 0.439215 0.091265 0.096261
2 0.570623 0.741342 0.142789 0.181592
2 0.162533 0.186344 0.033880 0.048553
2 0.460589 0.224913 0.052717 0.046746
2 0.235335 0.143029 0.036675 0.036701
4 0.441044 0.154933 0.107499 0.104480
2 0.108260 0.087585 0.028805 0.029750
2 0.608090 0.505000 0.079416 0.109420
2 0.959683 0.957655 0.080493 0.084690
5 0.296334 0.171629 0.040416 0.056744
2 0.575008 0.347013 0.073313 0.070140
2 0.836542 0.481505 0.107635 0.073564
2 0.139758 0.125340 0.038262 0.035572
2 0.055617 0.148028 0.029705 0.042486
0 0.870160 0.392911 0.012322 0.071216
2 0.195968 0.242519 0.030987 0.048143
0 0.112923 0.641164 0.020307 0.105295
2 0.034778 0.394215 0.069292 0.053624
0 0.935103 0.306325 0.014365 0.062136
0 0.118161 0.518593 0.010698 0.088696
0 0.733590 0.262799 0.009490 0.046379
0 0.343675 0.159657 0.006949 0.038507
0 0.128221 0.634288 0.021764 0.098130
0 0.564384 0.199069 0.011738 0.043504
0 0.519572 0.180639 0.008590 0.042358
0 0.949732 0.313166 0.012012 0.059802
0 0.611155 0.206475 0.007194 0.045852
0 0.913262 0.305876 0.009251 0.056705
0 0.281898 0.121768 0.005983 0.034773
2 0.015326 0.360135 0.030573 0.043219
0 0.182717 0.073833 0.005251 0.031461
0 0.801360 0.253347 0.007637 0.033052
0 0.571489 0.204376 0.009769 0.048853
7 0.139257 0.464954 0.012656 0.040383
0 0.619657 0.207038 0.009452 0.046053
0 0.335011 0.157903 0.008384 0.044178
0 0.695431 0.243301 0.007889 0.049735
0 0.249518 0.096363 0.006377 0.038757
0 0.947765 0.418112 0.011305 0.061574
0 0.533315 0.181641 0.008562 0.043013
0 0.817483 0.255318 0.006321 0.039954
4 0.819745 0.606397 0.350565 0.366887
0 0.510462 0.175824 0.006473 0.038839
0 0.501139 0.178010 0.005852 0.027459
0 0.603486 0.193092 0.007091 0.030240
2 0.319976 0.151041 0.041598 0.046119
0 0.548306 0.189096 0.006654 0.047727
5 0.132825 0.228910 0.097110 0.168361
0 0.961127 0.418479 0.012767 0.085213
