4 0.370954 0.126492 0.091997 0.093763
2 0.291095 0.332129 0.058504 0.069167
2 0.620899 0.528903 0.092531 0.103776
2 0.529139 0.465710 0.084683 0.091756
2 0.465870 0.409386 0.061391 0.088667
2 0.774606 0.822695 0.152287 0.166562
2 0.445381 0.283376 0.064477 0.055696
2 0.274170 0.163113 0.040164 0.041796
2 0.608067 0.592777 0.115559 0.121788
2 0.866849 0.809534 0.151879 0.163491
2 0.925708 0.492059 0.109425 0.092592
2 0.045714 0.439275 0.091251 0.096543
2 0.487895 0.241452 0.071920 0.057816
2 0.373614 0.211988 0.052860 0.052026
2 0.319034 0.154488 0.043848 0.043823
2 0.197654 0.154874 0.038965 0.039341
2 0.940522 0.956148 0.118957 0.085176
4 0.462011 0.161393 0.109645 0.106018
2 0.445782 0.216254 0.050825 0.044323
2 0.218859 0.130386 0.035877 0.037379
2 0.099016 0.099000 0.030417 0.036228
0 0.133991 0.646824 0.028375 0.110711
0 0.020707 0.576276 0.023177 0.090938
2 0.626373 0.376271 0.050470 0.068170
2 0.738018 0.894043 0.170015 0.211913
0 0.162709 0.637572 0.023058 0.107901
0 0.869965 0.395516 0.012705 0.071387
2 0.034755 0.394297 0.069186 0.053727
0 0.914060 0.305459 0.010344 0.058353
0 0.835350 0.265388 0.009596 0.033022
0 0.790037 0.284164 0.008367 0.054204
0 0.519732 0.179948 0.008677 0.040810
2 0.931033 0.399763 0.077097 0.081794
2 0.015290 0.360079 0.030528 0.043348
0 0.603247 0.191088 0.006823 0.025417
0 0.931519 0.341290 0.010739 0.039378
0 0.118031 0.518919 0.010847 0.088597
0 0.934619 0.305334 0.014177 0.060305
0 0.564278 0.199087 0.011391 0.044548
0 0.984750 0.411048 0.012333 0.052921
0 0.533133 0.181356 0.008431 0.042699
0 0.575859 0.194092 0.007853 0.036887
6 0.139288 0.464386 0.012362 0.040357
4 0.832665 0.620120 0.334671 0.371504
0 0.690807 0.244135 0.008755 0.043539
0 0.548692 0.190243 0.006671 0.045936
0 0.947549 0.306784 0.013404 0.049303
0 0.249409 0.095971 0.006380 0.038581
0 0.957703 0.345615 0.009895 0.051645
0 0.948078 0.344639 0.013081 0.044927
0 0.569688 0.203697 0.008125 0.051868
0 0.940993 0.408876 0.011760 0.079970
0 0.949392 0.415844 0.012506 0.076652
0 0.959658 0.418167 0.010639 0.081297
0 0.973004 0.406221 0.010079 0.073333
0 0.965911 0.406719 0.009706 0.073002
0 0.913725 0.356374 0.010079 0.026214
