2 0.926049 0.926547 0.146351 0.143370
2 0.657183 0.856719 0.148379 0.171795
2 0.092258 0.175327 0.039650 0.048340
2 0.290390 0.392183 0.083083 0.104825
2 0.810331 0.943886 0.148210 0.109900
2 0.045657 0.439685 0.090937 0.095834
2 0.335531 0.377654 0.063146 0.073504
2 0.224671 0.403923 0.061236 0.084448
2 0.227867 0.131726 0.037757 0.036448
2 0.947898 0.863170 0.103880 0.137816
2 0.188053 0.131793 0.035440 0.037538
2 0.344688 0.194529 0.046201 0.043397
4 0.899331 0.662116 0.197043 0.277293
5 0.550521 0.519621 0.084899 0.144816
0 0.044223 0.603391 0.024350 0.095584
0 0.922200 0.407574 0.014433 0.067651
0 0.025340 0.599458 0.017659 0.096145
0 0.905850 0.397391 0.011943 0.067722
2 0.034148 0.392464 0.067964 0.050612
0 0.949406 0.412841 0.014985 0.072109
0 0.184793 0.549045 0.015332 0.098475
0 0.838864 0.391888 0.014725 0.070507
2 0.369655 0.235982 0.053329 0.043049
2 0.318988 0.154243 0.044327 0.043357
0 0.962863 0.417919 0.011506 0.070151
0 0.951486 0.313490 0.012328 0.061034
2 0.273879 0.174897 0.043570 0.040266
0 0.934924 0.409726 0.012629 0.069816
5 0.226075 0.324966 0.079865 0.110868
2 0.697301 0.571591 0.121456 0.098100
2 0.783957 0.547168 0.113382 0.111636
0 0.933452 0.307076 0.014303 0.066506
0 0.918373 0.306240 0.011123 0.060071
0 0.053651 0.592851 0.013272 0.095680
0 0.195985 0.542659 0.015003 0.083960
4 0.280611 0.247608 0.126688 0.154448
0 0.180098 0.098130 0.010732 0.038136
0 0.523767 0.180016 0.009261 0.042848
0 0.505372 0.183865 0.007096 0.040509
0 0.565355 0.198546 0.006433 0.044045
0 0.482766 0.164054 0.006908 0.036605
0 0.513985 0.177198 0.006949 0.042383
2 0.534351 0.616376 0.093838 0.124261
2 0.015465 0.358302 0.030778 0.040341
0 0.578117 0.193010 0.006607 0.036422
0 0.570152 0.201730 0.007359 0.053751
2 0.652992 0.377518 0.092019 0.098079
0 0.713997 0.242633 0.007620 0.053946
0 0.595699 0.211650 0.007856 0.049995
0 0.310713 0.088373 0.006092 0.034796
0 0.320240 0.092406 0.007777 0.038713
0 0.396663 0.135631 0.007777 0.044935
0 0.464866 0.156545 0.009505 0.043206
0 0.449852 0.159809 0.008857 0.038214
0 0.443749 0.154048 0.009397 0.043590
0 0.438564 0.153760 0.010045 0.044167
0 0.404863 0.140030 0.010045 0.043206
0 0.603728 0.191774 0.009462 0.031800
0 0.551621 0.190161 0.008684 0.048391
0 0.542742 0.191544 0.009073 0.041017
0 0.537947 0.182787 0.006999 0.045165
5 0.703864 0.706543 0.270928 0.338532
0 0.287923 0.069161 0.009799 0.028482
0 0.208528 0.088667 0.008641 0.034949
6 0.139647 0.467897 0.012841 0.047084
0 0.342380 0.154751 0.008773 0.040881
