2 0.224755 0.403716 0.061104 0.084029
2 0.290251 0.393848 0.082969 0.107346
2 0.871477 0.482783 0.111060 0.105369
2 0.335768 0.376813 0.063161 0.075857
2 0.045688 0.439325 0.091232 0.096672
2 0.281968 0.324347 0.057094 0.057700
0 0.758356 0.445461 0.019144 0.069205
4 0.197789 0.187493 0.115305 0.127465
0 0.689288 0.453299 0.016285 0.074844
0 0.650876 0.436323 0.016246 0.073106
0 0.063890 0.589565 0.014080 0.097919
0 0.045042 0.603497 0.022588 0.094715
0 0.901620 0.325021 0.014680 0.061591
2 0.034728 0.394302 0.069202 0.053955
0 0.935470 0.306263 0.014494 0.062517
0 0.632166 0.444161 0.020428 0.071794
2 0.975573 0.966034 0.048855 0.065925
0 0.977938 0.407719 0.013498 0.060198
5 0.225373 0.315535 0.079731 0.125832
0 0.916355 0.307159 0.012243 0.058298
0 0.758003 0.282335 0.009885 0.043405
0 0.565163 0.198268 0.007623 0.044441
0 0.521085 0.179946 0.008454 0.043175
0 0.485395 0.169418 0.009922 0.046329
0 0.669140 0.437447 0.014943 0.047239
5 0.926280 0.824287 0.137977 0.232055
4 0.373535 0.314819 0.160948 0.186352
0 0.503600 0.180877 0.010449 0.039219
0 0.504874 0.219332 0.009279 0.045692
0 0.952008 0.313577 0.011329 0.060569
6 0.603476 0.358703 0.013735 0.055252
0 0.394054 0.136488 0.007296 0.039278
0 0.513974 0.177341 0.006845 0.042535
0 0.570881 0.203600 0.009416 0.051017
2 0.015285 0.360047 0.030546 0.043370
0 0.606760 0.454030 0.018016 0.073136
0 0.029715 0.598151 0.019195 0.096978
0 0.245672 0.094531 0.007405 0.037265
0 0.552253 0.190138 0.007450 0.046269
0 0.444778 0.153714 0.007666 0.040535
6 0.139217 0.464818 0.012487 0.041265
0 0.576827 0.192318 0.005912 0.038360
0 0.339760 0.159886 0.007868 0.038822
0 0.603437 0.192247 0.007103 0.026857
2 0.320219 0.152648 0.046583 0.049554
0 0.464289 0.157145 0.008212 0.038034
0 0.453918 0.154531 0.006350 0.037479
0 0.543529 0.191819 0.007949 0.039533
0 0.209838 0.092230 0.005268 0.024332
0 0.404809 0.138986 0.008651 0.043056
0 0.947240 0.312135 0.007968 0.057678
0 0.421221 0.147325 0.008704 0.029932
0 0.331207 0.157550 0.007933 0.041478
