2 0.886409 0.902452 0.182182 0.178277
2 0.523304 0.603632 0.117739 0.125641
2 0.675988 0.729187 0.140062 0.172636
2 0.173512 0.243429 0.053789 0.052606
2 0.308855 0.423978 0.073847 0.084644
4 0.468417 0.164284 0.113799 0.109959
2 0.146575 0.414479 0.065172 0.083580
2 0.045613 0.439736 0.090801 0.095844
2 0.529310 0.493305 0.094511 0.116004
2 0.212925 0.395565 0.064866 0.083730
2 0.973058 0.887238 0.053602 0.119026
2 0.442563 0.526989 0.088847 0.107528
2 0.967513 0.503040 0.064634 0.069794
2 0.938428 0.542612 0.103211 0.095768
2 0.228256 0.231938 0.053200 0.062483
2 0.444435 0.216978 0.049746 0.044811
2 0.091955 0.218209 0.042983 0.058327
4 0.356569 0.124606 0.125977 0.105752
0 0.237417 0.529931 0.025784 0.087189
2 0.265441 0.153212 0.032754 0.038740
0 0.897302 0.420055 0.017780 0.072423
2 0.382796 0.186589 0.038570 0.041072
0 0.017578 0.540449 0.018389 0.090165
0 0.897830 0.309399 0.011624 0.062173
2 0.054156 0.150686 0.028143 0.042427
2 0.318794 0.154562 0.044031 0.044740
2 0.034442 0.392408 0.068540 0.051143
0 0.315258 0.496776 0.024500 0.084021
0 0.921082 0.405025 0.011371 0.068621
0 0.567414 0.199408 0.009254 0.042669
0 0.579047 0.204132 0.009804 0.052604
2 0.069565 0.081185 0.028324 0.033876
0 0.957645 0.313804 0.010315 0.061387
2 0.015402 0.357925 0.030652 0.039503
0 0.944875 0.314991 0.017379 0.059062
0 0.588552 0.198035 0.007431 0.045893
0 0.601265 0.192621 0.006836 0.028476
0 0.939311 0.307771 0.013617 0.063524
0 0.537689 0.189675 0.009310 0.053994
0 0.272446 0.514152 0.017080 0.089833
0 0.950391 0.313294 0.010825 0.056971
0 0.552213 0.191163 0.006855 0.045296
0 0.614157 0.212518 0.007778 0.049094
6 0.139647 0.465044 0.012841 0.041377
6 0.603531 0.357321 0.012841 0.051364
