2 0.886497 0.902350 0.182273 0.177666
2 0.869031 0.757892 0.154859 0.178442
2 0.307903 0.350504 0.069749 0.074510
2 0.686182 0.738113 0.141834 0.173051
2 0.212905 0.395812 0.064979 0.084634
2 0.045603 0.439667 0.090779 0.095185
2 0.146615 0.414509 0.065051 0.083725
4 0.462580 0.162058 0.113314 0.108829
2 0.875228 0.539735 0.125116 0.088937
2 0.224557 0.332093 0.060301 0.075821
2 0.407187 0.363999 0.072243 0.087471
2 0.523148 0.603206 0.118099 0.127262
2 0.308923 0.423656 0.073970 0.084691
2 0.973073 0.888586 0.053570 0.116243
2 0.442244 0.527125 0.088892 0.105277
2 0.945516 0.488635 0.107440 0.083527
2 0.182331 0.245340 0.047309 0.046646
4 0.355860 0.122675 0.124942 0.102687
2 0.075660 0.137657 0.033529 0.040393
0 0.726243 0.438501 0.018112 0.078050
2 0.444480 0.216948 0.049845 0.045016
2 0.852427 0.478296 0.115478 0.067619
2 0.351808 0.247757 0.048029 0.053567
0 0.540549 0.466673 0.019652 0.080632
2 0.382749 0.186859 0.038497 0.041138
2 0.034804 0.391950 0.069307 0.050961
2 0.061499 0.163325 0.035163 0.043839
0 0.402327 0.487628 0.017482 0.082955
0 0.799498 0.423580 0.015951 0.070902
0 0.626242 0.227347 0.009024 0.045636
0 0.943822 0.315209 0.015755 0.058876
0 0.567498 0.199334 0.009482 0.042957
2 0.319197 0.152816 0.044641 0.047092
0 0.956538 0.313952 0.011701 0.060919
0 0.579232 0.203792 0.009055 0.051153
0 0.458927 0.464102 0.011082 0.055682
2 0.133449 0.258025 0.047621 0.061527
0 0.471076 0.485004 0.015068 0.066137
2 0.104101 0.280270 0.049644 0.064477
0 0.936512 0.308500 0.011462 0.060219
2 0.079425 0.054598 0.022329 0.027731
0 0.862521 0.418996 0.012390 0.062211
2 0.015391 0.358150 0.030690 0.040037
0 0.524022 0.171656 0.008172 0.025709
0 0.597472 0.210370 0.007495 0.050870
0 0.553083 0.189564 0.009056 0.048640
0 0.539102 0.186407 0.008586 0.050437
0 0.601910 0.191026 0.008399 0.029201
0 0.330043 0.158865 0.009519 0.042474
6 0.139647 0.465757 0.012841 0.039950
6 0.602729 0.360175 0.014446 0.062779
