2 0.837021 0.861305 0.158885 0.176194
2 0.731144 0.910488 0.145008 0.176041
2 0.940937 0.868271 0.117840 0.170708
2 0.579130 0.776336 0.129565 0.156032
2 0.045682 0.439911 0.091321 0.095890
2 0.375511 0.387104 0.069599 0.078434
2 0.355736 0.179356 0.051071 0.041083
2 0.290649 0.392539 0.083209 0.104612
2 0.825552 0.481279 0.104074 0.085586
2 0.224672 0.403947 0.061320 0.084669
2 0.798149 0.710870 0.120163 0.148635
2 0.274051 0.318345 0.042570 0.055015
2 0.183742 0.107165 0.036122 0.039462
0 0.920533 0.406940 0.015381 0.066749
2 0.273894 0.161822 0.039021 0.038565
2 0.849068 0.456293 0.099015 0.078909
0 0.962897 0.417994 0.013107 0.070806
2 0.464352 0.552453 0.095894 0.112816
0 0.026400 0.599604 0.018187 0.095872
0 0.948628 0.412641 0.013990 0.072288
0 0.763359 0.270013 0.012201 0.054244
2 0.034830 0.392427 0.069301 0.050869
4 0.899379 0.668087 0.200606 0.288395
0 0.171355 0.546346 0.013782 0.097469
0 0.934729 0.409547 0.015082 0.069722
2 0.319007 0.154415 0.044474 0.043214
4 0.074996 0.116761 0.071365 0.095618
0 0.048819 0.602818 0.017064 0.094725
0 0.904992 0.397306 0.012064 0.067347
0 0.836915 0.388662 0.011801 0.064885
5 0.225016 0.318435 0.078734 0.120495
0 0.936443 0.307846 0.016530 0.064450
0 0.917984 0.306153 0.012259 0.059438
2 0.578764 0.473571 0.103745 0.104987
0 0.953719 0.313689 0.013795 0.061178
0 0.195399 0.541984 0.013126 0.084970
0 0.504721 0.183173 0.007845 0.041378
0 0.570233 0.201399 0.007392 0.052597
0 0.513569 0.177460 0.007211 0.042829
0 0.284667 0.122120 0.006443 0.033490
0 0.481457 0.164178 0.005810 0.036723
0 0.565626 0.198896 0.006139 0.044061
0 0.581754 0.195808 0.008260 0.041626
0 0.446296 0.157183 0.008445 0.041528
0 0.603151 0.190695 0.006878 0.024126
2 0.015475 0.358099 0.030783 0.039963
0 0.587834 0.196341 0.006476 0.037665
0 0.597392 0.211976 0.008879 0.048591
5 0.655314 0.646745 0.288648 0.322921
0 0.525030 0.180139 0.007169 0.043682
0 0.550741 0.190776 0.012364 0.053517
0 0.542812 0.192209 0.011020 0.046827
0 0.495641 0.169752 0.010751 0.041093
0 0.396173 0.134456 0.008555 0.042169
0 0.406413 0.141484 0.009333 0.044243
0 0.436419 0.152545 0.009981 0.045626
0 0.462603 0.155771 0.009203 0.042861
0 0.291755 0.084176 0.008866 0.035671
0 0.297665 0.084590 0.005133 0.032629
0 0.302721 0.081549 0.008399 0.037054
5 0.524478 0.493580 0.084270 0.124131
6 0.140048 0.464330 0.012039 0.042804
