2 0.960744 0.894574 0.078230 0.165939
4 0.432846 0.147417 0.104395 0.099239
2 0.206061 0.392762 0.066421 0.081497
2 0.361597 0.389527 0.062921 0.080812
2 0.953136 0.400907 0.076867 0.071090
2 0.304392 0.294096 0.057840 0.055595
2 0.273854 0.397575 0.066119 0.079795
2 0.306673 0.353255 0.060908 0.072128
2 0.424894 0.372051 0.082493 0.101989
2 0.174820 0.239475 0.045023 0.055461
2 0.045798 0.439117 0.091537 0.096777
2 0.382904 0.233887 0.051356 0.050176
2 0.369281 0.329282 0.046122 0.063431
2 0.300399 0.190575 0.046320 0.046840
2 0.098056 0.232000 0.041355 0.064385
2 0.192943 0.209569 0.038219 0.052128
2 0.235935 0.338591 0.060483 0.084332
0 0.160463 0.541066 0.016882 0.089622
0 0.940415 0.312960 0.012183 0.060426
2 0.865310 0.965984 0.155594 0.065794
2 0.140756 0.403211 0.059487 0.084176
2 0.109424 0.190396 0.039289 0.047054
2 0.034585 0.392702 0.068878 0.052850
2 0.158298 0.331945 0.064148 0.084151
0 0.953334 0.313540 0.012251 0.062089
0 0.947805 0.352127 0.011199 0.029847
2 0.327097 0.178536 0.036292 0.040577
2 0.319127 0.149164 0.043913 0.034982
2 0.248116 0.303438 0.055838 0.062904
0 0.579258 0.202843 0.008855 0.052582
0 0.265345 0.797654 0.032621 0.095553
2 0.146877 0.199401 0.038867 0.059837
0 0.535896 0.185570 0.009532 0.045352
3 0.262160 0.826596 0.069761 0.082343
0 0.551889 0.191264 0.008756 0.046436
0 0.512677 0.178668 0.006896 0.041573
2 0.158853 0.114158 0.036783 0.036001
0 0.935843 0.305889 0.010520 0.060508
0 0.601636 0.191787 0.006687 0.026343
2 0.104399 0.149480 0.037038 0.040526
0 0.563307 0.198491 0.006795 0.042729
2 0.180460 0.304256 0.036200 0.048234
2 0.175054 0.138071 0.030705 0.047331
0 0.573241 0.199129 0.006831 0.041764
2 0.196218 0.270753 0.032459 0.060499
2 0.015405 0.357449 0.030730 0.039154
0 0.616497 0.188670 0.007096 0.025494
0 0.521631 0.180590 0.006495 0.037239
2 0.138703 0.265522 0.046598 0.055212
2 0.137109 0.166880 0.037595 0.040167
2 0.130538 0.082286 0.028092 0.030399
0 0.567849 0.197635 0.007011 0.042855
2 0.244297 0.251083 0.065894 0.080638
3 0.436188 0.220989 0.019441 0.029347
2 0.989407 0.370958 0.020947 0.042386
2 0.003274 0.538953 0.006530 0.022625
2 0.155869 0.185982 0.049561 0.044987
2 0.244723 0.237018 0.065329 0.052626
2 0.076318 0.209435 0.023722 0.052421
2 0.164198 0.186032 0.033266 0.043995
0 0.496476 0.164492 0.009272 0.042662
0 0.545388 0.190653 0.007205 0.042926
0 0.436524 0.213809 0.010517 0.037686
6 0.139246 0.464330 0.015249 0.045657
6 0.604735 0.358748 0.012039 0.062779
