2 0.290367 0.392252 0.083072 0.105416
2 0.045643 0.439834 0.091189 0.096579
2 0.335668 0.376329 0.063221 0.074711
5 0.615222 0.571431 0.094457 0.158897
2 0.170137 0.114391 0.033234 0.037661
0 0.393275 0.511636 0.027990 0.088867
2 0.245973 0.136903 0.036593 0.036513
4 0.079573 0.128751 0.062856 0.099475
0 0.426067 0.498545 0.019701 0.081086
2 0.224702 0.403856 0.061403 0.084168
0 0.852729 0.420791 0.017470 0.060900
0 0.825483 0.412263 0.015585 0.067289
2 0.282185 0.324014 0.057597 0.057631
0 0.045450 0.603555 0.022459 0.095214
2 0.886341 0.492838 0.110764 0.106477
0 0.063154 0.593464 0.017797 0.100162
0 0.775808 0.410053 0.019129 0.069976
0 0.801535 0.444237 0.019941 0.069351
0 0.828250 0.309369 0.010860 0.042314
2 0.034188 0.392344 0.068030 0.050681
0 0.963001 0.414468 0.015554 0.064796
0 0.935595 0.306855 0.014690 0.060556
2 0.764718 0.719070 0.121425 0.140434
0 0.917474 0.306334 0.010139 0.059546
5 0.893834 0.849010 0.210892 0.293303
0 0.812089 0.424902 0.016412 0.065382
5 0.227652 0.325654 0.082751 0.106587
0 0.790569 0.435139 0.018454 0.072744
0 0.575171 0.192810 0.008807 0.039538
0 0.580422 0.208697 0.011520 0.049734
0 0.984895 0.360326 0.012496 0.066120
0 0.526666 0.186354 0.009834 0.049673
0 0.444549 0.153072 0.008343 0.041461
0 0.565257 0.198214 0.008184 0.043941
0 0.947746 0.312353 0.008913 0.057368
0 0.953300 0.314114 0.010838 0.059573
0 0.514002 0.177159 0.006975 0.041838
0 0.029740 0.598614 0.019551 0.096534
0 0.343330 0.160098 0.006260 0.036772
0 0.505254 0.219515 0.009495 0.044509
0 0.521778 0.179564 0.006923 0.042749
2 0.015476 0.358212 0.030774 0.039722
2 0.664347 0.719551 0.129268 0.146171
0 0.552108 0.189830 0.007474 0.046085
0 0.505447 0.180667 0.007777 0.040326
0 0.486587 0.163961 0.008425 0.042400
0 0.539018 0.186428 0.006999 0.050926
0 0.603898 0.191651 0.010586 0.038022
0 0.394105 0.136905 0.008851 0.044540
0 0.405581 0.142639 0.009001 0.049607
0 0.454864 0.154374 0.007951 0.048541
0 0.465890 0.156108 0.008101 0.046140
0 0.435061 0.147440 0.010652 0.037339
0 0.367642 0.112524 0.007351 0.043740
0 0.373718 0.114524 0.008401 0.038139
0 0.246283 0.095468 0.009644 0.043137
0 0.264559 0.077771 0.010732 0.039266
0 0.330043 0.158377 0.009799 0.045626
4 0.374799 0.311664 0.165329 0.202604
6 0.139647 0.465757 0.014446 0.042804
6 0.603531 0.358035 0.014446 0.055645
