2 0.917692 0.841540 0.160135 0.191298
2 0.647611 0.786249 0.169085 0.141354
4 0.433684 0.147908 0.104673 0.099617
2 0.973936 0.957407 0.051754 0.084046
2 0.361782 0.389217 0.062736 0.081289
2 0.207088 0.393035 0.066131 0.081522
2 0.924149 0.499340 0.109256 0.085228
2 0.789861 0.521274 0.113555 0.093261
2 0.046366 0.439059 0.092266 0.094892
2 0.307255 0.354350 0.060916 0.074555
2 0.425356 0.372435 0.082550 0.101872
2 0.304915 0.294189 0.057924 0.055516
2 0.134050 0.205418 0.042385 0.052152
2 0.319769 0.154033 0.043702 0.043927
2 0.159037 0.186230 0.034297 0.048866
2 0.851577 0.510317 0.092866 0.090100
2 0.265220 0.388544 0.064352 0.077820
2 0.969470 0.577708 0.060804 0.070877
2 0.139406 0.094131 0.034123 0.031962
2 0.235978 0.337064 0.059022 0.080404
2 0.954305 0.397668 0.077407 0.062576
2 0.141610 0.403984 0.059408 0.085497
2 0.226108 0.231697 0.045595 0.054582
2 0.367607 0.326591 0.049253 0.063848
2 0.034863 0.393546 0.069393 0.053481
0 0.742977 0.454465 0.023752 0.070073
0 0.783532 0.432048 0.021209 0.070794
0 0.943293 0.315579 0.012119 0.057871
0 0.955174 0.417307 0.020336 0.063534
0 0.680527 0.452547 0.014309 0.072736
0 0.955159 0.312986 0.012773 0.060145
0 0.943447 0.413027 0.015681 0.065681
0 0.633223 0.447704 0.012829 0.073031
2 0.247966 0.303507 0.057885 0.062564
0 0.937398 0.307369 0.010848 0.061645
2 0.070933 0.201447 0.036758 0.059549
2 0.254363 0.260758 0.047810 0.057661
0 0.545316 0.194068 0.008072 0.047519
0 0.536536 0.185036 0.009504 0.045377
0 0.734632 0.449151 0.013962 0.067189
2 0.060954 0.117449 0.023276 0.038395
0 0.580363 0.203350 0.010036 0.052628
0 0.562884 0.201299 0.009761 0.050008
0 0.509750 0.178402 0.007740 0.042963
2 0.158658 0.331215 0.064725 0.086261
0 0.622585 0.209759 0.008340 0.046001
0 0.602140 0.191607 0.006779 0.026005
2 0.976946 0.488326 0.045684 0.066110
0 0.552490 0.191314 0.008753 0.046080
2 0.015919 0.358468 0.031760 0.040267
0 0.791101 0.246337 0.006816 0.035837
0 0.538548 0.461534 0.015252 0.080555
0 0.673292 0.437807 0.010532 0.050665
0 0.568614 0.199396 0.006078 0.042794
0 0.521961 0.180826 0.006256 0.037230
0 0.798417 0.244071 0.008155 0.040838
2 0.196770 0.271658 0.032557 0.059947
0 0.574258 0.199391 0.006270 0.042408
2 0.135430 0.251175 0.046200 0.047006
2 0.177959 0.297750 0.043365 0.062744
0 0.498498 0.165350 0.008492 0.043055
2 0.203975 0.271663 0.047028 0.060544
2 0.993502 0.365669 0.012774 0.032475
2 0.190394 0.066151 0.032269 0.032871
6 0.139246 0.463617 0.012039 0.038523
6 0.604735 0.358035 0.012039 0.055645
