4 0.370784 0.126470 0.092107 0.093756
2 0.297923 0.337697 0.059254 0.070362
2 0.529998 0.466556 0.084750 0.091440
2 0.886034 0.472990 0.103435 0.089398
2 0.467902 0.411067 0.061799 0.088756
2 0.622088 0.603451 0.119800 0.124555
2 0.358734 0.204188 0.050746 0.051976
2 0.794375 0.839542 0.157149 0.167876
2 0.485997 0.241315 0.071714 0.056806
2 0.045651 0.439435 0.091237 0.096441
2 0.622467 0.530145 0.091625 0.105070
2 0.885825 0.825069 0.154694 0.167618
2 0.422600 0.270826 0.061267 0.053485
2 0.184323 0.147762 0.038143 0.037244
2 0.318984 0.154578 0.044032 0.043920
4 0.462087 0.161256 0.109895 0.106332
2 0.262155 0.156566 0.039475 0.041291
2 0.444044 0.215540 0.050673 0.044429
2 0.209194 0.125112 0.034899 0.036872
2 0.090492 0.094095 0.031102 0.035554
2 0.762106 0.904639 0.175664 0.190722
2 0.588674 0.360670 0.064899 0.063325
0 0.129375 0.643111 0.027956 0.112180
2 0.951381 0.965911 0.097180 0.066030
0 0.158467 0.635781 0.028110 0.108366
0 0.869896 0.395389 0.012222 0.071322
2 0.034831 0.394312 0.069370 0.053550
0 0.021104 0.580486 0.023938 0.091125
0 0.837352 0.267386 0.008902 0.033980
0 0.914201 0.305560 0.009919 0.058417
0 0.118110 0.518694 0.011255 0.088612
0 0.792987 0.283360 0.010079 0.054385
0 0.564234 0.199067 0.011146 0.044051
0 0.519499 0.180271 0.008653 0.041438
0 0.934672 0.342492 0.009729 0.038140
2 0.015315 0.360082 0.030584 0.043178
0 0.603217 0.190726 0.006721 0.025155
0 0.934932 0.306474 0.015472 0.061527
0 0.984688 0.411298 0.012568 0.052709
0 0.533333 0.181795 0.008830 0.043603
2 0.930973 0.399377 0.077328 0.080923
6 0.139439 0.464655 0.012333 0.040571
0 0.692601 0.245376 0.007622 0.042476
0 0.548783 0.190610 0.007139 0.046017
0 0.575872 0.194884 0.007179 0.037164
0 0.570280 0.203567 0.007853 0.051058
4 0.833467 0.613430 0.333066 0.366684
0 0.909605 0.360154 0.008038 0.018857
0 0.947732 0.344488 0.009479 0.039626
0 0.973991 0.406152 0.017101 0.065717
0 0.948996 0.307669 0.010674 0.051051
0 0.953128 0.349153 0.009301 0.041671
0 0.948840 0.414454 0.014169 0.070391
0 0.941674 0.409489 0.011826 0.075975
0 0.959862 0.418183 0.011199 0.076873
