2 0.932745 0.933634 0.134177 0.128786
2 0.891861 0.776263 0.159726 0.184449
2 0.710659 0.759104 0.146605 0.179274
2 0.308909 0.423871 0.073950 0.085295
2 0.045650 0.439914 0.090874 0.095262
2 0.259008 0.311165 0.055131 0.067349
2 0.341572 0.377916 0.074790 0.079979
2 0.170246 0.350553 0.059304 0.074234
2 0.407440 0.364816 0.072229 0.087614
2 0.240659 0.346408 0.062792 0.080747
2 0.542209 0.618696 0.122051 0.130090
2 0.479008 0.302063 0.070109 0.068285
2 0.173562 0.444385 0.068295 0.091141
2 0.442924 0.527556 0.089300 0.107621
2 0.222572 0.405468 0.066608 0.084114
2 0.191966 0.309527 0.053248 0.062644
2 0.840779 0.546140 0.125750 0.095686
2 0.275697 0.204704 0.045754 0.045312
4 0.378131 0.128560 0.101853 0.097428
2 0.788702 0.402974 0.086802 0.075952
0 0.095185 0.574155 0.027617 0.093953
2 0.443493 0.216718 0.049692 0.044393
2 0.221459 0.136133 0.037726 0.037202
2 0.978634 0.491493 0.042479 0.052199
2 0.591543 0.314243 0.077047 0.064790
4 0.256490 0.092852 0.143911 0.091113
0 0.941549 0.409464 0.014272 0.065954
2 0.376684 0.239209 0.054646 0.050660
0 0.867154 0.294700 0.012679 0.052659
0 0.963877 0.410998 0.016215 0.071048
5 0.359663 0.184962 0.062368 0.071492
2 0.034792 0.392330 0.069220 0.051109
0 0.925327 0.346352 0.013360 0.049145
2 0.079430 0.211580 0.030050 0.051574
2 0.973957 0.876513 0.051809 0.092230
2 0.319055 0.167446 0.037408 0.040094
0 0.924184 0.306709 0.012906 0.057657
0 0.479537 0.217859 0.009732 0.049095
2 0.327355 0.317821 0.061377 0.057447
0 0.974241 0.410703 0.009684 0.055678
2 0.092843 0.079177 0.028542 0.031872
0 0.936514 0.347579 0.010359 0.048026
0 0.580952 0.203495 0.010689 0.052180
0 0.771748 0.289493 0.008030 0.040150
0 0.613008 0.212618 0.011467 0.046759
0 0.568562 0.198789 0.009912 0.041787
2 0.069587 0.321340 0.046992 0.066759
0 0.937181 0.305135 0.012070 0.058758
2 0.086991 0.273575 0.032395 0.067764
0 0.626451 0.210705 0.009798 0.044799
0 0.513568 0.177347 0.007613 0.043547
2 0.129028 0.311501 0.040292 0.056149
0 0.472017 0.160705 0.007446 0.039034
0 0.949584 0.312501 0.010978 0.057240
0 0.495445 0.171317 0.008932 0.030870
2 0.015313 0.358023 0.030540 0.039407
0 0.597585 0.210392 0.007950 0.050589
0 0.955429 0.313783 0.012427 0.059259
0 0.518859 0.187774 0.007683 0.040551
0 0.539229 0.183706 0.007564 0.042638
2 0.063350 0.079929 0.015187 0.027846
5 0.139336 0.215004 0.107232 0.112850
0 0.486628 0.165282 0.006408 0.036916
0 0.524531 0.181968 0.008550 0.046385
0 0.501237 0.174328 0.010342 0.034602
0 0.552281 0.190984 0.007502 0.045624
2 0.003012 0.540333 0.005987 0.020276
0 0.529159 0.193247 0.004794 0.025863
2 0.982778 0.144341 0.024225 0.036443
0 0.545818 0.191022 0.009068 0.041754
2 0.318096 0.150063 0.042420 0.036389
0 0.461035 0.155060 0.010622 0.046407
7 0.603130 0.358748 0.012039 0.051364
7 0.139246 0.464330 0.013644 0.037096
