2 0.899419 0.915557 0.172795 0.165940
2 0.839011 0.749223 0.154594 0.170910
2 0.465422 0.473055 0.084599 0.095013
2 0.582715 0.649250 0.121279 0.152875
2 0.371211 0.397348 0.071978 0.082110
2 0.931093 0.708837 0.137287 0.152291
2 0.754372 0.807111 0.144168 0.162568
2 0.706059 0.663675 0.119627 0.128280
2 0.629190 0.583472 0.112133 0.117275
2 0.045627 0.439304 0.090714 0.095052
2 0.282512 0.402205 0.069988 0.081441
2 0.441622 0.535757 0.102492 0.112149
2 0.753846 0.424529 0.087568 0.072219
2 0.357902 0.454202 0.079608 0.090773
2 0.779981 0.616972 0.139521 0.124544
2 0.964895 0.881675 0.069926 0.128871
2 0.664879 0.544598 0.117228 0.111232
2 0.797843 0.526750 0.095213 0.081978
2 0.452825 0.221413 0.050611 0.045963
2 0.287983 0.159840 0.040693 0.041349
0 0.184035 0.718071 0.027544 0.121026
2 0.169984 0.123275 0.034462 0.035526
2 0.387284 0.188206 0.038533 0.041900
2 0.093704 0.085404 0.029696 0.035110
2 0.320517 0.153859 0.040504 0.043731
2 0.193258 0.113963 0.030254 0.034856
2 0.034733 0.392379 0.069073 0.051171
0 0.935708 0.345105 0.014284 0.056800
0 0.154017 0.534673 0.020627 0.094500
0 0.956360 0.313859 0.011597 0.060771
2 0.552927 0.515744 0.082438 0.118176
0 0.940879 0.314252 0.015589 0.059077
0 0.523046 0.179190 0.009039 0.044209
0 0.581762 0.204158 0.012213 0.052273
0 0.987302 0.372710 0.010401 0.063944
0 0.472291 0.166061 0.006012 0.036885
0 0.511763 0.178648 0.007431 0.042615
0 0.595551 0.200210 0.008047 0.044469
0 0.562590 0.199161 0.006834 0.041967
0 0.571570 0.199159 0.006743 0.042382
2 0.015430 0.357700 0.030668 0.038914
0 0.949548 0.312906 0.008816 0.058447
0 0.816438 0.296134 0.007944 0.048682
0 0.397138 0.137374 0.007123 0.036343
0 0.601175 0.190594 0.006487 0.023433
0 0.462176 0.155175 0.006603 0.034472
0 0.436783 0.151020 0.006939 0.044516
0 0.538742 0.183945 0.007184 0.041025
0 0.453451 0.149166 0.005221 0.038464
0 0.429586 0.150213 0.007005 0.042813
0 0.550013 0.190614 0.008196 0.044835
0 0.567148 0.197632 0.005535 0.042392
0 0.191031 0.683240 0.021948 0.105908
0 0.803241 0.297884 0.007390 0.044941
0 0.937847 0.291644 0.009982 0.032378
2 0.156947 0.066821 0.016205 0.026094
0 0.461651 0.133165 0.007977 0.023916
0 0.421606 0.145572 0.009345 0.031419
0 0.543825 0.190429 0.007272 0.041578
2 0.189290 0.066446 0.031976 0.034399
2 0.003004 0.540548 0.005982 0.019808
0 0.549004 0.221058 0.010807 0.033305
7 0.139246 0.465044 0.013644 0.038523
7 0.602327 0.359461 0.012039 0.052791
