2 0.964209 0.897251 0.071265 0.160063
4 0.432739 0.147478 0.103877 0.099680
2 0.361667 0.389686 0.062931 0.080945
2 0.206269 0.392865 0.066448 0.081394
2 0.953343 0.401140 0.076954 0.070913
2 0.273995 0.397624 0.066048 0.079845
2 0.304359 0.294290 0.057986 0.055514
2 0.424867 0.372061 0.082502 0.102005
2 0.306652 0.353326 0.060920 0.072368
2 0.174824 0.239638 0.045018 0.055358
2 0.045787 0.439536 0.091527 0.096161
2 0.369061 0.225146 0.049952 0.047255
2 0.369263 0.329363 0.046048 0.063355
2 0.286933 0.183902 0.045291 0.046856
2 0.098161 0.232128 0.040833 0.064408
2 0.193057 0.209905 0.038097 0.051491
2 0.236000 0.338610 0.060421 0.083971
0 0.155553 0.541154 0.025342 0.088366
0 0.940893 0.313585 0.011624 0.058376
2 0.109681 0.190598 0.039094 0.047065
2 0.140924 0.404040 0.059331 0.085188
2 0.865921 0.966039 0.155629 0.065996
2 0.034531 0.392768 0.068726 0.052965
0 0.948691 0.351833 0.012179 0.031163
2 0.319335 0.154219 0.043943 0.044705
0 0.953475 0.313727 0.011783 0.062109
2 0.147872 0.107989 0.034056 0.034752
2 0.247657 0.303707 0.056837 0.062670
2 0.146925 0.199328 0.038721 0.060230
0 0.579313 0.202985 0.008865 0.052818
0 0.232718 0.802400 0.033091 0.094933
0 0.535748 0.185573 0.009414 0.045024
2 0.311631 0.172370 0.035378 0.041156
3 0.229628 0.829306 0.072717 0.082235
0 0.512554 0.178389 0.006982 0.042603
0 0.551880 0.191096 0.008556 0.045607
3 0.420354 0.214062 0.018863 0.032228
2 0.180603 0.303613 0.036080 0.050669
0 0.935822 0.305025 0.010385 0.060778
0 0.573225 0.198861 0.006791 0.041986
2 0.157971 0.332234 0.064439 0.084882
2 0.138655 0.265474 0.046725 0.055026
0 0.563367 0.198937 0.006894 0.042479
2 0.015454 0.357235 0.030827 0.038555
2 0.167001 0.133050 0.029819 0.047094
2 0.104278 0.149723 0.036798 0.040038
0 0.601635 0.191395 0.006678 0.025391
2 0.137607 0.166418 0.037968 0.037347
0 0.521555 0.180988 0.006465 0.037065
0 0.614286 0.188311 0.007220 0.025856
2 0.196385 0.271197 0.032698 0.060682
2 0.162240 0.186339 0.036976 0.045301
2 0.244550 0.250975 0.065594 0.080535
0 0.567734 0.197958 0.007215 0.042203
2 0.077002 0.209892 0.024496 0.052780
0 0.545363 0.190795 0.008408 0.042781
2 0.244905 0.237409 0.065124 0.052949
0 0.496593 0.163833 0.008911 0.042706
0 0.621709 0.217010 0.008074 0.042868
0 0.420716 0.204440 0.009133 0.030906
0 0.621052 0.183272 0.005582 0.025753
6 0.140851 0.463617 0.015249 0.035670
6 0.603531 0.358035 0.014446 0.055645
