2 0.823755 0.740638 0.152103 0.170900
2 0.888796 0.911386 0.171083 0.174239
2 0.673548 0.731627 0.130224 0.143564
2 0.930675 0.708717 0.138143 0.152841
2 0.324774 0.360195 0.066361 0.076309
2 0.567884 0.543635 0.101380 0.107874
2 0.308030 0.413735 0.073449 0.083335
2 0.408146 0.429396 0.070113 0.084769
2 0.737117 0.599113 0.130934 0.125655
2 0.509685 0.585798 0.108935 0.138329
2 0.661062 0.626397 0.112880 0.115333
2 0.045705 0.439514 0.090697 0.095009
2 0.781478 0.529133 0.098549 0.079391
2 0.873255 0.573100 0.129148 0.095440
2 0.385330 0.484523 0.092539 0.103788
2 0.231626 0.357620 0.061346 0.075131
2 0.856614 0.440970 0.097410 0.077223
2 0.581262 0.492517 0.104484 0.102530
2 0.961203 0.878729 0.077221 0.135794
2 0.272396 0.204444 0.047654 0.047199
2 0.466562 0.293445 0.063864 0.062292
2 0.318815 0.153834 0.044265 0.044451
2 0.254634 0.914269 0.227811 0.169973
0 0.008786 0.570578 0.017534 0.102682
2 0.671461 0.395605 0.082421 0.069557
2 0.457897 0.222056 0.041850 0.046698
0 0.050445 0.586232 0.020161 0.097149
2 0.509457 0.279864 0.055068 0.054060
2 0.521845 0.258940 0.053159 0.047950
2 0.034507 0.392238 0.068534 0.051397
0 0.940209 0.313261 0.013100 0.061413
0 0.328541 0.790848 0.023907 0.087951
0 0.883704 0.326011 0.012989 0.052256
0 0.522891 0.179052 0.009178 0.044230
0 0.581796 0.204507 0.012078 0.051174
0 0.159228 0.538990 0.016075 0.091668
0 0.472500 0.166134 0.006561 0.035982
2 0.476065 0.459532 0.070571 0.109557
2 0.131848 0.101927 0.030829 0.036576
0 0.047440 0.537927 0.015054 0.065246
2 0.992287 0.368224 0.015189 0.038509
0 0.636056 0.214754 0.010728 0.044911
0 0.511677 0.178380 0.007206 0.042810
0 0.955890 0.314526 0.013290 0.059814
0 0.950265 0.312869 0.009501 0.058090
0 0.571453 0.198867 0.007242 0.043379
0 0.562899 0.198736 0.007552 0.042562
2 0.015479 0.357682 0.030767 0.039061
0 0.594843 0.213632 0.008610 0.047092
2 0.140724 0.082066 0.026106 0.033619
0 0.538870 0.183597 0.006653 0.042875
0 0.436979 0.151438 0.007272 0.043166
0 0.461048 0.152672 0.007565 0.039034
0 0.601282 0.194602 0.006755 0.031978
5 0.096317 0.063581 0.023794 0.030636
0 0.430450 0.149698 0.006552 0.042928
0 0.550776 0.190969 0.008897 0.045018
0 0.936307 0.309652 0.009337 0.059377
0 0.497102 0.166170 0.011100 0.044873
0 0.393370 0.134269 0.006771 0.038616
0 0.567264 0.196869 0.006251 0.041827
0 0.600987 0.208975 0.007419 0.061259
0 0.499028 0.166086 0.007502 0.045173
0 0.422304 0.145020 0.010859 0.032568
0 0.874723 0.335158 0.009692 0.027276
7 0.139647 0.465044 0.012841 0.032816
7 0.603531 0.359461 0.012841 0.055645
