2 0.900736 0.916411 0.173502 0.163804
2 0.465544 0.472569 0.084497 0.093439
4 0.698385 0.304406 0.169117 0.168994
2 0.809566 0.523790 0.081893 0.088520
2 0.609797 0.673076 0.126691 0.158953
2 0.792271 0.729532 0.134166 0.142391
2 0.698520 0.629657 0.124619 0.125911
2 0.706792 0.422569 0.090649 0.080407
2 0.754858 0.806404 0.145390 0.160111
2 0.308944 0.423765 0.073671 0.084463
2 0.045601 0.438446 0.090831 0.093272
2 0.405664 0.494646 0.084526 0.096970
2 0.843594 0.656250 0.154619 0.138372
4 0.548665 0.206728 0.148251 0.142225
2 0.811329 0.430284 0.100565 0.084211
2 0.490905 0.575933 0.111313 0.121157
2 0.398838 0.417112 0.074006 0.080103
2 0.976118 0.881604 0.047515 0.146923
2 0.231697 0.139512 0.032311 0.037692
2 0.318693 0.153934 0.043950 0.044531
2 0.680922 0.552194 0.120381 0.105897
2 0.444471 0.217185 0.049580 0.044211
2 0.382605 0.186796 0.038096 0.041129
2 0.081687 0.217930 0.034468 0.053603
0 0.930292 0.403263 0.015252 0.067628
0 0.058926 0.582177 0.016282 0.091902
2 0.034361 0.392446 0.068322 0.050923
0 0.171874 0.528066 0.015986 0.092497
0 0.010123 0.496434 0.020246 0.076196
0 0.957013 0.314462 0.011957 0.060529
0 0.985070 0.369745 0.015556 0.059135
2 0.149223 0.076552 0.043532 0.033367
0 0.940032 0.312856 0.012131 0.062351
0 0.949774 0.313206 0.011092 0.058176
2 0.574868 0.531570 0.087718 0.121128
0 0.843734 0.319727 0.009320 0.033222
2 0.015467 0.358219 0.030841 0.039885
2 0.084164 0.059240 0.024804 0.030043
0 0.830701 0.311216 0.011143 0.041502
0 0.397262 0.137450 0.007428 0.036364
2 0.995437 0.741409 0.008878 0.065283
0 0.470545 0.166577 0.005914 0.036601
0 0.802747 0.300757 0.007800 0.039496
0 0.437853 0.151667 0.007039 0.043373
0 0.324642 0.094463 0.006718 0.033308
0 0.455486 0.147830 0.006346 0.044796
0 0.429355 0.151149 0.008959 0.040151
0 0.316462 0.095633 0.009706 0.036169
0 0.291907 0.079501 0.006451 0.035550
6 0.138844 0.464330 0.012841 0.042804
6 0.603531 0.358748 0.011236 0.051364
