4 0.372278 0.125814 0.095569 0.092602
2 0.326172 0.428083 0.074258 0.080920
2 0.585449 0.502729 0.097412 0.097913
2 0.535846 0.629579 0.106412 0.122528
2 0.307214 0.475882 0.086540 0.109358
2 0.447728 0.395012 0.059438 0.086643
2 0.372568 0.398488 0.077268 0.084930
2 0.507351 0.519921 0.092288 0.103264
2 0.515050 0.332526 0.071648 0.067144
2 0.742038 0.409542 0.086892 0.074626
2 0.083448 0.096901 0.031116 0.033281
2 0.505612 0.444447 0.080395 0.083508
2 0.235911 0.182770 0.042314 0.047827
2 0.045696 0.439227 0.091377 0.096410
2 0.579091 0.319648 0.069772 0.061241
2 0.402073 0.225263 0.053508 0.050947
2 0.074303 0.148208 0.034140 0.042301
4 0.490156 0.172719 0.110506 0.109315
2 0.251991 0.147490 0.036726 0.039282
2 0.319146 0.154342 0.043635 0.043936
2 0.505867 0.247001 0.071477 0.056568
2 0.140149 0.104452 0.035979 0.034810
2 0.458715 0.223122 0.051770 0.045760
2 0.647993 0.632864 0.093378 0.139324
0 0.871266 0.395618 0.015180 0.071517
0 0.287721 0.766930 0.033872 0.128826
0 0.316262 0.755552 0.030924 0.124070
0 0.910879 0.339602 0.011614 0.042908
2 0.034744 0.394354 0.069155 0.053920
0 0.118114 0.518767 0.010531 0.088686
0 0.773754 0.240557 0.008105 0.037123
0 0.949270 0.312914 0.010847 0.061161
0 0.368939 0.161040 0.007853 0.037991
2 0.853963 0.494804 0.100328 0.060152
0 0.886925 0.315596 0.012125 0.053130
0 0.903231 0.317043 0.013548 0.051614
0 0.935348 0.306197 0.015099 0.062318
2 0.015275 0.360042 0.030475 0.043378
0 0.718214 0.250590 0.010499 0.051716
0 0.564353 0.199263 0.011703 0.043827
0 0.647597 0.219027 0.007046 0.039967
0 0.913406 0.303295 0.008555 0.052617
4 0.826870 0.604743 0.346259 0.392539
0 0.576502 0.193463 0.007848 0.037387
0 0.971733 0.405089 0.010934 0.068276
0 0.603410 0.191204 0.007111 0.024978
2 0.929916 0.398162 0.074594 0.079097
0 0.984719 0.411993 0.012009 0.052090
6 0.139258 0.464614 0.012434 0.040686
0 0.949099 0.415214 0.014079 0.069928
0 0.962408 0.412577 0.014376 0.080572
0 0.943831 0.310864 0.009727 0.057328
0 0.548245 0.190385 0.007395 0.045391
0 0.569918 0.204193 0.007121 0.050816
0 0.302386 0.127602 0.008511 0.026281
0 0.248966 0.098136 0.008735 0.040615
5 0.833130 0.782139 0.333739 0.435722
0 0.941158 0.410192 0.014783 0.084098
