4 0.194512 0.184576 0.116126 0.124921
2 0.290473 0.391928 0.082875 0.104893
2 0.966419 0.959026 0.066763 0.080136
5 0.909446 0.808212 0.134446 0.227743
2 0.045604 0.439689 0.090722 0.095741
2 0.335735 0.376658 0.063117 0.075238
5 0.226799 0.315577 0.082278 0.127146
2 0.224869 0.403619 0.061752 0.084731
2 0.282580 0.323992 0.056647 0.057936
0 0.045299 0.603778 0.023048 0.095016
2 0.034620 0.392410 0.068909 0.050512
4 0.376088 0.315510 0.156118 0.182046
0 0.655549 0.434404 0.013427 0.076684
0 0.763412 0.444029 0.015517 0.070841
0 0.062469 0.589380 0.016313 0.096521
2 0.875431 0.485549 0.111559 0.104377
0 0.607323 0.471878 0.021972 0.083787
0 0.694694 0.452835 0.016412 0.076416
0 0.905550 0.324011 0.011896 0.064191
0 0.760317 0.282396 0.010519 0.044016
0 0.030142 0.597953 0.019606 0.097562
0 0.935605 0.307004 0.014888 0.061458
0 0.677855 0.449153 0.016374 0.068980
0 0.983996 0.407098 0.013084 0.060035
0 0.640511 0.443379 0.011016 0.074496
0 0.917779 0.306353 0.009369 0.059449
0 0.601298 0.454217 0.014055 0.073532
0 0.564938 0.198110 0.007777 0.044196
0 0.486140 0.169193 0.010889 0.047480
0 0.622577 0.461633 0.013490 0.075288
0 0.521009 0.179561 0.008657 0.044066
0 0.444628 0.153275 0.008186 0.041558
0 0.951604 0.313142 0.012197 0.060912
0 0.503652 0.181584 0.010376 0.039537
2 0.082887 0.056133 0.025840 0.026945
0 0.514100 0.177162 0.007024 0.042492
0 0.576158 0.192266 0.006719 0.037426
2 0.015512 0.358454 0.030849 0.040597
0 0.340206 0.159664 0.007522 0.039427
0 0.603159 0.191545 0.006706 0.025975
2 0.321110 0.150977 0.048331 0.048684
0 0.570363 0.204081 0.008933 0.050451
0 0.245306 0.095125 0.010527 0.044996
0 0.395038 0.137134 0.009855 0.046986
0 0.404557 0.140917 0.008735 0.049774
0 0.454618 0.155708 0.008555 0.049497
0 0.466129 0.158197 0.010732 0.047838
0 0.552320 0.189959 0.009203 0.053230
0 0.505657 0.221759 0.011536 0.051387
0 0.539293 0.182931 0.008296 0.050235
0 0.434826 0.149121 0.010751 0.039421
0 0.331449 0.158127 0.008641 0.046087
0 0.289417 0.072770 0.007951 0.034405
6 0.140048 0.463617 0.012039 0.044230
6 0.604334 0.358035 0.011236 0.058498
0 0.208869 0.089021 0.007391 0.034643
