2 0.282790 0.329687 0.059270 0.077876
2 0.473587 0.419787 0.074027 0.083139
2 0.414483 0.441149 0.071942 0.088829
2 0.377877 0.345699 0.064239 0.071036
2 0.932138 0.398876 0.088432 0.078055
2 0.527883 0.253219 0.063080 0.058300
2 0.606334 0.510093 0.082771 0.121879
2 0.584045 0.655857 0.115160 0.128908
2 0.541347 0.712851 0.135828 0.180397
2 0.045683 0.439314 0.091217 0.096298
2 0.846594 0.785099 0.144866 0.151214
5 0.313096 0.179379 0.042028 0.057845
2 0.936786 0.941530 0.126428 0.115349
2 0.460639 0.225088 0.052680 0.046808
2 0.247317 0.148953 0.037775 0.037063
4 0.449158 0.156915 0.109428 0.104225
2 0.153275 0.179509 0.032922 0.047764
2 0.154693 0.133950 0.039767 0.036683
2 0.048853 0.143860 0.024605 0.041503
2 0.116469 0.091763 0.029607 0.031743
2 0.604349 0.363323 0.079100 0.072815
2 0.876509 0.501338 0.114921 0.073881
2 0.190148 0.239918 0.034288 0.054967
0 0.870303 0.392462 0.012164 0.069918
0 0.107160 0.637863 0.021994 0.105253
2 0.034783 0.394544 0.069219 0.054326
0 0.124296 0.632882 0.019543 0.099071
0 0.934999 0.306492 0.014362 0.061766
0 0.948819 0.312595 0.013240 0.060908
0 0.608608 0.206170 0.010144 0.045462
0 0.118184 0.518637 0.010721 0.088916
0 0.564349 0.198862 0.011736 0.043521
0 0.519560 0.180728 0.008640 0.042294
0 0.343623 0.159916 0.007068 0.038684
0 0.617614 0.205986 0.009189 0.045736
0 0.913417 0.305673 0.009611 0.056681
0 0.281137 0.120116 0.006179 0.033243
0 0.691418 0.243598 0.011026 0.043151
2 0.015283 0.359892 0.030500 0.043075
0 0.183250 0.074372 0.005790 0.032130
7 0.139143 0.464951 0.012646 0.040859
0 0.571645 0.204439 0.010059 0.049922
0 0.947625 0.417807 0.011029 0.061288
0 0.335010 0.157954 0.007738 0.042745
0 0.533013 0.181321 0.008134 0.042112
2 0.136138 0.075107 0.015710 0.029457
4 0.822433 0.607713 0.352732 0.375226
0 0.548568 0.190587 0.006651 0.044823
0 0.510386 0.175449 0.006721 0.038542
7 0.602268 0.357539 0.012576 0.056014
0 0.249676 0.096487 0.006209 0.038566
5 0.133873 0.209052 0.085876 0.124722
0 0.961416 0.416617 0.013215 0.076055
