2 0.905543 0.912624 0.184591 0.170767
2 0.212753 0.395413 0.064946 0.083763
2 0.328165 0.366708 0.072796 0.077486
2 0.308850 0.423938 0.073905 0.085098
5 0.775064 0.391619 0.122689 0.132739
2 0.259017 0.310934 0.055058 0.066936
2 0.659048 0.419891 0.089530 0.072605
2 0.407441 0.364636 0.072366 0.087868
2 0.708434 0.756860 0.146039 0.180253
2 0.292615 0.937652 0.207951 0.122274
2 0.240490 0.345037 0.062585 0.079510
2 0.045348 0.439599 0.090328 0.095000
2 0.575851 0.311560 0.066497 0.057453
4 0.452309 0.158491 0.112354 0.107404
2 0.164589 0.341900 0.053854 0.070860
2 0.933667 0.529876 0.127705 0.090839
2 0.444361 0.217288 0.049918 0.045015
2 0.385919 0.238888 0.052651 0.052134
2 0.146654 0.414488 0.065011 0.083657
0 0.292258 0.518005 0.025464 0.085398
2 0.263231 0.198568 0.044430 0.042962
2 0.881160 0.767215 0.156828 0.181890
2 0.187559 0.306484 0.054853 0.057947
0 0.320545 0.506790 0.025219 0.078574
0 0.948790 0.314349 0.018214 0.059841
2 0.442615 0.527546 0.088890 0.106442
2 0.523238 0.603743 0.118097 0.124963
4 0.344226 0.119498 0.123751 0.100274
2 0.366657 0.260896 0.052260 0.055259
2 0.381808 0.186383 0.037890 0.041514
0 0.913131 0.382352 0.011154 0.062534
2 0.034451 0.392300 0.068530 0.051303
0 0.077175 0.475299 0.013872 0.088224
0 0.768465 0.277893 0.009590 0.049605
0 0.963619 0.411119 0.016744 0.070987
0 0.949394 0.401630 0.018900 0.067207
2 0.325469 0.318849 0.061798 0.061817
0 0.973964 0.411295 0.009853 0.055086
0 0.930301 0.388243 0.012426 0.056851
0 0.581034 0.203701 0.010470 0.052511
2 0.076938 0.207761 0.026460 0.050441
0 0.680805 0.248423 0.008707 0.046733
0 0.568467 0.199008 0.009285 0.041084
2 0.973161 0.887506 0.053414 0.114753
0 0.956782 0.313536 0.011519 0.061217
0 0.560811 0.186753 0.010241 0.040860
0 0.832374 0.263183 0.009231 0.036295
2 0.318752 0.151869 0.044215 0.048455
2 0.084306 0.266202 0.029296 0.067561
0 0.935092 0.314056 0.015557 0.053219
0 0.597500 0.210201 0.007794 0.050633
0 0.553454 0.190560 0.007111 0.047527
0 0.545848 0.191760 0.009722 0.047367
0 0.536396 0.195920 0.007921 0.045127
0 0.539322 0.175837 0.007291 0.025444
0 0.529015 0.193360 0.006841 0.031685
0 0.525595 0.183839 0.008641 0.041766
0 0.513803 0.177278 0.009181 0.048487
0 0.334058 0.159693 0.007453 0.049735
6 0.603130 0.359461 0.013644 0.058498
6 0.139246 0.463617 0.013644 0.044230
