2 0.886392 0.900738 0.182146 0.175360
2 0.676897 0.729880 0.140226 0.172987
4 0.466320 0.163557 0.113796 0.109380
2 0.523049 0.603256 0.117973 0.125460
2 0.180329 0.246017 0.054243 0.047396
2 0.045651 0.439668 0.090808 0.095641
2 0.308864 0.423868 0.073799 0.084507
2 0.213037 0.395761 0.064910 0.083988
2 0.964441 0.504112 0.070875 0.081473
2 0.146722 0.414735 0.064931 0.084133
2 0.442531 0.526896 0.088988 0.105831
2 0.906970 0.526691 0.099519 0.096576
2 0.973037 0.888751 0.053635 0.116305
2 0.096513 0.223880 0.041452 0.059338
2 0.551706 0.512845 0.099158 0.121870
2 0.444460 0.217152 0.049784 0.045059
2 0.255630 0.148260 0.032115 0.037650
4 0.356291 0.123710 0.125637 0.104179
2 0.240230 0.235309 0.054602 0.055078
0 0.891528 0.419216 0.014790 0.074910
2 0.382807 0.186629 0.038525 0.040891
0 0.244807 0.527335 0.017541 0.088528
2 0.034404 0.392179 0.068369 0.051386
0 0.895764 0.308045 0.012990 0.061250
0 0.015269 0.538906 0.017410 0.091653
0 0.324627 0.493833 0.016592 0.085561
2 0.056148 0.155033 0.035121 0.043652
0 0.920336 0.405597 0.011311 0.069755
2 0.318850 0.154740 0.044043 0.045131
0 0.283817 0.520584 0.021592 0.073166
0 0.567555 0.199200 0.009214 0.042934
0 0.957104 0.313906 0.010894 0.062049
2 0.066615 0.078085 0.022614 0.033706
0 0.579186 0.204006 0.009665 0.051279
2 0.015377 0.357168 0.030608 0.038146
0 0.949939 0.312565 0.010117 0.057745
0 0.612988 0.212842 0.009474 0.050701
0 0.944351 0.314396 0.016695 0.060335
0 0.601148 0.196321 0.009333 0.043414
0 0.553475 0.192865 0.011977 0.055857
0 0.535743 0.194662 0.010732 0.049497
0 0.524621 0.178347 0.009333 0.046179
0 0.318096 0.157284 0.007129 0.044473
0 0.586640 0.193609 0.007839 0.045460
6 0.140449 0.465044 0.012841 0.035670
6 0.603531 0.358748 0.012841 0.057072
