2 0.665926 0.845964 0.146874 0.177358
2 0.945191 0.933643 0.109325 0.129298
2 0.442231 0.395428 0.067937 0.081866
2 0.278289 0.381493 0.080489 0.102688
2 0.045704 0.439883 0.091000 0.096086
2 0.412542 0.600633 0.095241 0.120048
2 0.927994 0.830781 0.143418 0.139315
2 0.224447 0.403738 0.061361 0.084435
2 0.449306 0.549473 0.069834 0.108714
2 0.751924 0.786823 0.143082 0.160313
2 0.501565 0.697587 0.101456 0.142284
2 0.572476 0.313815 0.076200 0.067251
2 0.818555 0.449578 0.095618 0.075266
0 0.928598 0.392279 0.016750 0.063904
2 0.123173 0.113162 0.035128 0.040350
2 0.257327 0.302998 0.051530 0.058163
5 0.193537 0.291377 0.076850 0.132335
2 0.349912 0.196656 0.046282 0.043335
0 0.832341 0.296793 0.015480 0.056620
2 0.034285 0.392302 0.068179 0.050893
0 0.074263 0.561846 0.014806 0.099951
2 0.661847 0.533674 0.103350 0.101801
0 0.963658 0.417760 0.012163 0.069935
2 0.726847 0.655904 0.096084 0.135092
0 0.191721 0.544591 0.018788 0.087791
0 0.904553 0.398413 0.013717 0.066080
0 0.824977 0.380220 0.012531 0.065462
0 0.025515 0.598628 0.018466 0.095759
2 0.167864 0.107394 0.035605 0.034458
0 0.062238 0.594073 0.014154 0.100523
0 0.949200 0.413133 0.015749 0.072484
4 0.852770 0.636114 0.293019 0.352129
2 0.085247 0.075361 0.029340 0.030953
0 0.914712 0.305884 0.011402 0.059173
2 0.318583 0.154254 0.043468 0.043752
0 0.012656 0.599366 0.013141 0.098850
2 0.393598 0.189748 0.046313 0.034774
0 0.937140 0.307555 0.016122 0.065266
0 0.580037 0.203556 0.009181 0.052082
5 0.349321 0.370814 0.062383 0.112996
0 0.946366 0.390296 0.014768 0.064432
0 0.566990 0.198283 0.008056 0.042945
0 0.955158 0.314071 0.013016 0.060119
0 0.505398 0.183321 0.007511 0.040764
0 0.272613 0.107980 0.006553 0.031490
0 0.613787 0.207016 0.007712 0.043957
2 0.015367 0.358140 0.030643 0.039919
5 0.602178 0.611491 0.260487 0.312488
0 0.486603 0.165040 0.006342 0.036489
5 0.390165 0.225500 0.047374 0.072431
0 0.524181 0.180899 0.008312 0.044878
0 0.597989 0.211647 0.010529 0.048514
0 0.495661 0.172505 0.008905 0.033615
0 0.513406 0.177621 0.006437 0.042895
2 0.302236 0.334679 0.070321 0.083221
0 0.552686 0.192524 0.007648 0.053922
0 0.543094 0.191026 0.010240 0.045856
0 0.538817 0.184343 0.009203 0.048622
0 0.523652 0.192984 0.006870 0.032261
0 0.463279 0.155633 0.008876 0.043562
0 0.447402 0.159412 0.008376 0.042673
0 0.444027 0.151966 0.008876 0.046007
0 0.435525 0.153300 0.009626 0.047785
0 0.404583 0.140742 0.009751 0.042228
0 0.395519 0.135408 0.009876 0.040450
0 0.289474 0.075180 0.007801 0.034138
0 0.296075 0.076647 0.006901 0.030138
0 0.226090 0.037841 0.008551 0.028271
7 0.140048 0.466470 0.013644 0.038523
7 0.603933 0.360175 0.013644 0.057072
0 0.342382 0.156497 0.006481 0.040518
