2 0.468494 0.421073 0.075056 0.084340
2 0.812626 0.638057 0.136929 0.124896
2 0.263818 0.439895 0.074413 0.090295
2 0.224996 0.359808 0.058484 0.075466
2 0.937379 0.396821 0.089172 0.077970
2 0.600300 0.517338 0.099667 0.100586
2 0.369519 0.339832 0.064081 0.073188
2 0.640942 0.710385 0.127682 0.141203
2 0.262332 0.173675 0.049697 0.051662
2 0.387784 0.463302 0.084316 0.113394
2 0.893294 0.828003 0.159451 0.163430
2 0.045644 0.438991 0.091287 0.096382
2 0.487875 0.282553 0.062035 0.053451
2 0.466405 0.226836 0.059622 0.051156
2 0.386966 0.212758 0.048858 0.045779
2 0.318879 0.154271 0.043657 0.043959
2 0.158813 0.241705 0.050984 0.053740
0 0.135032 0.623179 0.021740 0.099982
2 0.140916 0.272473 0.050055 0.059621
4 0.626905 0.252825 0.160130 0.163007
2 0.131323 0.083688 0.029037 0.038066
0 0.306669 0.770319 0.026168 0.112915
0 0.280979 0.776813 0.024009 0.117483
2 0.087334 0.278327 0.028988 0.059855
2 0.970984 0.730564 0.058032 0.123948
2 0.034817 0.394441 0.069241 0.054381
0 0.344336 0.865997 0.024672 0.114382
0 0.518151 0.177838 0.007388 0.039410
0 0.734985 0.263620 0.010456 0.048399
0 0.479374 0.164945 0.007819 0.041516
2 0.052761 0.115685 0.015819 0.028798
2 0.015241 0.359897 0.030397 0.043246
0 0.360027 0.926692 0.027319 0.136912
0 0.442900 0.153086 0.007392 0.042061
7 0.139194 0.464673 0.012486 0.039961
0 0.510296 0.177919 0.006042 0.034027
0 0.382063 0.870527 0.022312 0.124455
0 0.532847 0.181463 0.007758 0.041321
0 0.384256 0.802685 0.022945 0.088179
0 0.542091 0.192288 0.007207 0.045586
0 0.469067 0.163002 0.006523 0.039726
0 0.464412 0.160194 0.005904 0.040711
0 0.306337 0.072466 0.004514 0.029403
7 0.602846 0.358308 0.012601 0.055193
0 0.455173 0.153240 0.006437 0.036534
0 0.397975 0.133333 0.006071 0.035742
0 0.492486 0.169094 0.006509 0.036962
2 0.050598 0.186945 0.049447 0.040307
0 0.526127 0.188861 0.007462 0.036732
2 0.157272 0.066899 0.016633 0.026407
0 0.436188 0.151391 0.007864 0.041495
2 0.061473 0.186890 0.027301 0.039344
2 0.992772 0.370323 0.014376 0.045020
0 0.417030 0.144827 0.007678 0.036510
0 0.484325 0.170337 0.009174 0.046503
0 0.251384 0.096006 0.008386 0.037844
