2 0.928099 0.859405 0.143550 0.193923
4 0.432913 0.147928 0.104786 0.099294
2 0.425018 0.372404 0.082456 0.102029
2 0.206644 0.393231 0.066418 0.081261
2 0.361422 0.389360 0.062689 0.080993
2 0.304546 0.294760 0.058085 0.055267
2 0.467862 0.264321 0.057493 0.051776
2 0.953436 0.401207 0.076983 0.070442
2 0.045979 0.439943 0.091580 0.095387
2 0.306926 0.354350 0.061069 0.073905
2 0.265404 0.389706 0.064975 0.078325
2 0.841540 0.497273 0.114197 0.087983
2 0.175088 0.239977 0.044546 0.055428
2 0.731663 0.412919 0.087768 0.079167
2 0.331992 0.232139 0.056153 0.044853
2 0.369549 0.329579 0.046245 0.063233
2 0.981906 0.964891 0.035804 0.069257
2 0.280125 0.183008 0.043563 0.044375
2 0.193269 0.210750 0.038215 0.052123
2 0.603264 0.370865 0.079769 0.070535
2 0.035219 0.393112 0.070438 0.052475
2 0.235502 0.337185 0.059145 0.080712
2 0.982815 0.729334 0.033984 0.087774
2 0.141053 0.404142 0.059400 0.085121
2 0.067848 0.161214 0.037598 0.042980
2 0.319349 0.154012 0.043862 0.044067
2 0.190934 0.154426 0.038909 0.041370
0 0.939919 0.314793 0.012437 0.058135
2 0.098292 0.232180 0.040950 0.064758
2 0.096943 0.147784 0.037400 0.045459
0 0.579345 0.203319 0.008958 0.052498
2 0.852238 0.972494 0.147960 0.053661
2 0.248105 0.303795 0.056656 0.062681
2 0.143920 0.197638 0.038545 0.063147
0 0.536021 0.185857 0.009363 0.044720
2 0.158252 0.331693 0.064694 0.084882
0 0.375104 0.516756 0.011269 0.084344
0 0.512346 0.178974 0.006972 0.041554
2 0.134211 0.167891 0.045376 0.044843
3 0.851098 0.410406 0.031378 0.051412
2 0.776374 0.392076 0.066094 0.066850
2 0.015581 0.358374 0.031078 0.040099
0 0.622431 0.215164 0.008414 0.047129
2 0.483874 0.326974 0.057609 0.078437
0 0.139503 0.556419 0.017470 0.089223
0 0.367916 0.510664 0.011558 0.074933
0 0.601724 0.191950 0.006974 0.026175
0 0.552140 0.191354 0.008168 0.045898
0 0.971219 0.413816 0.020752 0.064602
0 0.955191 0.314373 0.011987 0.059424
2 0.180930 0.304382 0.035926 0.048588
2 0.138653 0.266616 0.047026 0.056707
0 0.863896 0.375802 0.011877 0.035674
0 0.521535 0.180635 0.006330 0.038087
0 0.564483 0.198753 0.006778 0.042628
2 0.244709 0.249810 0.065329 0.077849
0 0.545728 0.191024 0.007570 0.042596
0 0.568701 0.198088 0.006973 0.043079
2 0.196527 0.271644 0.032733 0.060775
2 0.162785 0.187562 0.036467 0.046842
2 0.245025 0.237551 0.064882 0.053108
0 0.573295 0.199637 0.006446 0.041726
0 0.951173 0.313681 0.008488 0.057583
0 0.850202 0.400248 0.019473 0.057187
0 0.853549 0.400760 0.013850 0.057233
0 0.371480 0.516105 0.018359 0.084352
0 0.497152 0.164192 0.009247 0.043088
2 0.993127 0.364996 0.013492 0.030907
0 0.936288 0.289741 0.010445 0.026725
2 0.077477 0.209695 0.024439 0.050228
0 0.976908 0.410895 0.011333 0.053174
0 0.863825 0.386163 0.012171 0.057820
6 0.140449 0.466470 0.014446 0.038523
6 0.604334 0.358748 0.014446 0.054218
