2 0.837081 0.532786 0.108546 0.088748
2 0.897505 0.492497 0.069686 0.081951
2 0.371673 0.336029 0.073548 0.088603
2 0.334144 0.367886 0.064747 0.075125
2 0.273025 0.316293 0.066190 0.082636
2 0.373489 0.217860 0.055274 0.055049
2 0.045668 0.439106 0.091307 0.096657
2 0.193104 0.233148 0.055326 0.054453
2 0.424623 0.206122 0.050008 0.045117
2 0.121811 0.163994 0.039314 0.044954
2 0.318928 0.154355 0.043829 0.043924
4 0.461913 0.161309 0.109393 0.107515
2 0.194577 0.110694 0.036302 0.037967
0 0.828460 0.433846 0.023016 0.068933
2 0.132843 0.097129 0.033069 0.036724
4 0.163203 0.065107 0.067387 0.065835
0 0.713811 0.424382 0.015496 0.076149
0 0.220640 0.752641 0.024360 0.112034
2 0.083549 0.070637 0.028860 0.034466
2 0.052566 0.157938 0.033162 0.041882
2 0.134038 0.256031 0.038883 0.035697
0 0.917186 0.339914 0.011043 0.044524
2 0.937245 0.393699 0.089084 0.067951
0 0.414609 0.482963 0.013056 0.087133
0 0.377791 0.517688 0.016952 0.078953
0 0.742842 0.422242 0.015521 0.066150
2 0.034883 0.394404 0.069454 0.054084
0 0.771756 0.274025 0.012018 0.052601
0 0.859241 0.414862 0.016704 0.065409
0 0.869067 0.420733 0.019399 0.064332
2 0.285097 0.374028 0.023007 0.068964
0 0.974105 0.329591 0.009735 0.055481
0 0.948387 0.342303 0.010020 0.049021
0 0.844070 0.291518 0.010522 0.056867
2 0.015245 0.359988 0.030401 0.043339
0 0.950996 0.428742 0.019569 0.074133
6 0.603392 0.358839 0.013689 0.055740
4 0.206369 0.352058 0.138778 0.211676
0 0.604051 0.208295 0.009254 0.058538
0 0.869963 0.299282 0.011690 0.054543
0 0.532437 0.181220 0.007818 0.042311
0 0.908241 0.422215 0.012556 0.067033
0 0.939195 0.341384 0.009198 0.042288
6 0.139350 0.464605 0.012524 0.040751
0 0.564638 0.198663 0.011891 0.043530
0 0.938241 0.411290 0.017013 0.062328
0 0.573058 0.203007 0.010471 0.052751
0 0.566989 0.198337 0.007562 0.043007
0 0.547977 0.189571 0.007552 0.045661
0 0.917582 0.423889 0.015443 0.070278
0 0.895650 0.422417 0.013131 0.069328
0 0.803886 0.304113 0.005337 0.033040
0 0.335543 0.101223 0.006048 0.031211
0 0.927122 0.421250 0.012367 0.069605
