5 0.623226 0.577513 0.095573 0.159769
2 0.045676 0.439841 0.090910 0.096003
2 0.335619 0.376373 0.063283 0.074666
2 0.290432 0.392006 0.082902 0.104864
2 0.238927 0.133151 0.035839 0.035812
2 0.161149 0.109444 0.032611 0.036730
0 0.399463 0.507288 0.019073 0.087954
2 0.224907 0.403725 0.061728 0.084974
2 0.282219 0.324121 0.057347 0.058136
0 0.045427 0.603333 0.022538 0.095688
0 0.771969 0.409178 0.012276 0.071959
0 0.063160 0.593476 0.017666 0.100021
0 0.433137 0.497471 0.018171 0.081666
2 0.034618 0.392493 0.068849 0.050692
0 0.805549 0.425350 0.014438 0.069299
0 0.846598 0.420569 0.013185 0.061431
0 0.824925 0.308710 0.012900 0.041154
5 0.899993 0.848442 0.198561 0.297241
4 0.077276 0.130074 0.076977 0.100997
0 0.959948 0.415159 0.011913 0.063607
0 0.935444 0.306374 0.014712 0.061486
2 0.886404 0.492729 0.110882 0.106426
0 0.785482 0.437594 0.016493 0.076279
0 0.917882 0.305880 0.010869 0.060146
2 0.775011 0.725771 0.123385 0.140747
5 0.226613 0.324859 0.081231 0.108082
0 0.795888 0.443463 0.011909 0.073105
0 0.817359 0.416581 0.011696 0.064864
0 0.028420 0.601321 0.016939 0.091534
0 0.565245 0.198045 0.008207 0.043821
0 0.580392 0.209247 0.010659 0.050169
0 0.575138 0.192600 0.008867 0.039221
0 0.444625 0.152980 0.008325 0.041703
0 0.503883 0.182291 0.009934 0.038645
0 0.525429 0.184821 0.008900 0.050263
0 0.947955 0.312425 0.009673 0.058248
0 0.953725 0.313878 0.010546 0.059618
0 0.505032 0.219468 0.009446 0.044569
0 0.514107 0.177436 0.007204 0.042297
0 0.343221 0.159787 0.006350 0.037972
0 0.603598 0.193053 0.007460 0.028526
2 0.015452 0.358310 0.030738 0.039931
0 0.329389 0.157411 0.008684 0.042861
0 0.394047 0.133934 0.009488 0.045902
0 0.405324 0.140985 0.009021 0.048944
0 0.434644 0.147760 0.010110 0.036500
0 0.374526 0.113886 0.006844 0.037330
0 0.368383 0.114716 0.008555 0.039543
0 0.245277 0.092298 0.012692 0.036833
0 0.262822 0.074877 0.008586 0.035173
4 0.371621 0.310899 0.169342 0.204031
2 0.670546 0.726146 0.146870 0.204031
0 0.455497 0.156959 0.008063 0.046445
0 0.552467 0.190588 0.009333 0.053092
0 0.543135 0.195067 0.009333 0.041478
0 0.486206 0.164208 0.008959 0.042805
0 0.465208 0.156576 0.010266 0.040815
6 0.140048 0.467184 0.015249 0.045657
6 0.603933 0.356608 0.013644 0.058498
