2 0.892469 0.450392 0.101977 0.078795
2 0.417633 0.370929 0.079530 0.095324
2 0.781605 0.483130 0.084185 0.084326
2 0.334098 0.367873 0.064731 0.074922
2 0.551798 0.268666 0.066018 0.054793
2 0.440434 0.272435 0.061523 0.055335
2 0.274056 0.317044 0.067142 0.083329
2 0.937130 0.397444 0.089236 0.078041
2 0.507558 0.320376 0.074544 0.063031
2 0.045738 0.439350 0.091099 0.096626
2 0.357636 0.195523 0.041318 0.056254
2 0.318914 0.154310 0.043742 0.043669
2 0.272428 0.157268 0.037408 0.038734
2 0.347871 0.330115 0.065515 0.067235
2 0.113619 0.107388 0.030623 0.034981
2 0.178524 0.124164 0.034885 0.036736
0 0.258768 0.698555 0.028099 0.110617
2 0.445134 0.240124 0.055026 0.049879
2 0.190550 0.215422 0.050015 0.052483
2 0.240983 0.240083 0.049090 0.044800
0 0.284665 0.773475 0.020464 0.111865
0 0.176557 0.690813 0.019033 0.098998
2 0.248421 0.135032 0.034918 0.033104
0 0.325146 0.717793 0.024355 0.120282
0 0.284625 0.684598 0.023184 0.096663
2 0.167571 0.247565 0.081743 0.047897
2 0.034843 0.394159 0.069416 0.053608
0 0.093234 0.518120 0.018576 0.090088
2 0.300167 0.293132 0.056186 0.052059
0 0.612274 0.211369 0.009497 0.044696
0 0.583417 0.223588 0.014638 0.051516
0 0.920092 0.340716 0.010384 0.043399
2 0.285272 0.373014 0.023059 0.071058
0 0.347604 0.785788 0.027844 0.111365
0 0.477656 0.164824 0.007829 0.041461
0 0.276883 0.595640 0.016902 0.091111
0 0.063078 0.575587 0.016597 0.085916
0 0.024845 0.526965 0.016743 0.072888
0 0.264982 0.589336 0.014411 0.098393
0 0.564213 0.199099 0.011511 0.043152
0 0.006033 0.530111 0.012066 0.085177
2 0.015260 0.360121 0.030444 0.043390
0 0.054432 0.604422 0.019966 0.097814
6 0.603325 0.359013 0.013947 0.056040
0 0.034597 0.599896 0.018026 0.113313
0 0.594009 0.215093 0.007640 0.047364
0 0.942056 0.346640 0.014957 0.032336
0 0.118893 0.498641 0.009832 0.078088
0 0.571080 0.203649 0.007561 0.050796
0 0.317351 0.656449 0.020119 0.074037
0 0.045047 0.568118 0.014721 0.088082
4 0.202183 0.337648 0.145802 0.241395
6 0.139310 0.464553 0.012464 0.040837
0 0.436116 0.148936 0.009920 0.040417
0 0.445050 0.154521 0.007703 0.038125
0 0.532352 0.181901 0.007837 0.042934
0 0.495879 0.171958 0.008873 0.032880
0 0.510377 0.175854 0.006165 0.037499
0 0.021566 0.588643 0.015839 0.091107
0 0.547254 0.191573 0.008134 0.042563
0 0.484266 0.160600 0.007212 0.041065
0 0.575493 0.192456 0.006481 0.032732
0 0.356515 0.108349 0.006663 0.033543
0 0.430531 0.146459 0.006313 0.034486
0 0.102921 0.517423 0.008191 0.078607
0 0.452893 0.153247 0.007042 0.039473
0 0.251388 0.093080 0.007418 0.038417
