4 0.372634 0.125970 0.095645 0.092886
2 0.365868 0.392589 0.075758 0.083435
2 0.519103 0.614846 0.104399 0.119106
2 0.292726 0.461864 0.083597 0.106835
2 0.585603 0.502492 0.097060 0.096981
2 0.493176 0.507959 0.089743 0.100115
2 0.447626 0.394128 0.059485 0.087532
2 0.546419 0.348862 0.074180 0.069027
2 0.775043 0.425799 0.090882 0.077047
2 0.505580 0.445246 0.080699 0.085295
2 0.311779 0.416441 0.071847 0.081330
2 0.045644 0.439238 0.091231 0.096373
2 0.249912 0.191369 0.043973 0.048674
2 0.420537 0.234186 0.054876 0.053679
2 0.602442 0.329914 0.068684 0.060024
2 0.319386 0.154544 0.043034 0.044189
2 0.506417 0.247427 0.071154 0.055949
4 0.494622 0.173847 0.111615 0.109072
2 0.066017 0.141474 0.033844 0.042216
2 0.094506 0.103204 0.032029 0.034080
2 0.460834 0.223210 0.049991 0.045569
2 0.148993 0.109160 0.036389 0.035578
2 0.263748 0.153636 0.037802 0.040237
0 0.871342 0.395506 0.015230 0.071609
0 0.294655 0.771954 0.032160 0.128232
0 0.321994 0.758285 0.022765 0.121818
2 0.630665 0.620787 0.088369 0.134050
2 0.909086 0.517984 0.091459 0.060307
2 0.034731 0.394173 0.069127 0.053697
0 0.901526 0.315302 0.012043 0.053070
0 0.907621 0.337876 0.013888 0.043420
0 0.118108 0.518772 0.010610 0.088872
0 0.884730 0.314974 0.011912 0.051588
0 0.949349 0.312735 0.011032 0.061055
0 0.935277 0.306021 0.014210 0.062638
0 0.366835 0.160284 0.007679 0.038214
2 0.015306 0.359878 0.030557 0.042968
0 0.646086 0.217499 0.007690 0.039986
0 0.564392 0.199270 0.011625 0.043811
0 0.913452 0.305386 0.008998 0.057972
2 0.077206 0.058346 0.022449 0.025110
7 0.602837 0.358865 0.013139 0.054692
0 0.576382 0.193581 0.008300 0.037033
0 0.603330 0.190945 0.006935 0.025316
7 0.139140 0.464923 0.012580 0.040258
0 0.249648 0.096405 0.006234 0.038598
4 0.826244 0.613290 0.347512 0.369258
0 0.771159 0.239146 0.008561 0.033024
0 0.972347 0.404220 0.011339 0.070562
0 0.949455 0.414228 0.014384 0.071386
2 0.929849 0.398087 0.074729 0.078085
0 0.962030 0.412982 0.014019 0.082539
0 0.943893 0.311200 0.009520 0.057320
0 0.303555 0.129131 0.006719 0.023495
0 0.570310 0.204544 0.006886 0.050023
0 0.713998 0.247297 0.008870 0.056862
0 0.720851 0.246819 0.006451 0.056862
5 0.819823 0.762841 0.320225 0.474318
0 0.984786 0.412171 0.011536 0.058070
0 0.939544 0.408243 0.013170 0.078842
