2 0.263938 0.446263 0.074356 0.089061
2 0.205426 0.329028 0.057284 0.072528
2 0.708469 0.582319 0.119522 0.111949
2 0.412206 0.439532 0.081987 0.088264
2 0.597147 0.516777 0.099345 0.101158
2 0.315064 0.402674 0.069832 0.082213
2 0.937431 0.396945 0.089304 0.078413
2 0.544389 0.322618 0.072465 0.062842
2 0.790006 0.715613 0.127788 0.140225
2 0.795835 0.912295 0.173564 0.175147
2 0.453605 0.533802 0.093020 0.099830
2 0.524283 0.460256 0.083813 0.094876
2 0.456028 0.633888 0.107226 0.122776
2 0.045684 0.439097 0.091356 0.096625
2 0.853003 0.658749 0.142366 0.127791
2 0.465947 0.227842 0.058756 0.049038
2 0.318943 0.154559 0.043830 0.044297
2 0.244650 0.283556 0.047701 0.062438
2 0.086546 0.171727 0.040660 0.044810
2 0.940890 0.893559 0.118219 0.207756
4 0.443912 0.155347 0.141479 0.113340
0 0.253711 0.741799 0.024843 0.111173
2 0.106168 0.081488 0.029457 0.028267
2 0.978397 0.733012 0.043205 0.107143
2 0.034724 0.394335 0.069099 0.054397
0 0.510633 0.974335 0.024750 0.051166
0 0.574921 0.194508 0.008433 0.036848
0 0.411434 0.937421 0.024834 0.125015
0 0.525738 0.188336 0.008033 0.041676
0 0.538418 0.189738 0.009122 0.052375
7 0.139201 0.464773 0.012440 0.040205
0 0.567796 0.190616 0.006532 0.040228
0 0.550293 0.185556 0.009888 0.041381
2 0.015231 0.360187 0.030405 0.043398
0 0.437021 0.933724 0.025858 0.131005
0 0.518139 0.178846 0.006589 0.040509
7 0.602984 0.358580 0.012894 0.055475
0 0.532307 0.183278 0.007742 0.045627
0 0.687165 0.236832 0.014192 0.046445
0 0.251587 0.093763 0.008386 0.041284
