4 0.372129 0.126309 0.095074 0.093319
2 0.580047 0.499231 0.094535 0.097668
2 0.527867 0.253428 0.062909 0.057744
2 0.481962 0.496063 0.086697 0.111226
2 0.764327 0.416615 0.087854 0.071995
2 0.645143 0.650440 0.109550 0.127390
2 0.527323 0.322775 0.075484 0.065286
2 0.479526 0.423928 0.076702 0.080525
2 0.167890 0.294205 0.051259 0.063597
2 0.045656 0.439352 0.091212 0.096255
2 0.460701 0.225075 0.052761 0.047998
2 0.383917 0.342189 0.051609 0.073214
2 0.166502 0.119709 0.034705 0.039035
2 0.388296 0.219056 0.041003 0.045053
2 0.607609 0.399466 0.084248 0.074682
2 0.281123 0.184168 0.046620 0.044125
0 0.485745 0.949588 0.024835 0.100824
0 0.447765 0.952334 0.033440 0.094791
0 0.235027 0.748642 0.023797 0.117574
0 0.870495 0.393317 0.012511 0.070734
4 0.664672 0.281094 0.144465 0.154731
2 0.188072 0.255252 0.046351 0.059716
2 0.034708 0.394265 0.069145 0.053627
2 0.319274 0.154526 0.044539 0.045111
0 0.775403 0.280458 0.010555 0.050149
0 0.913395 0.305651 0.009292 0.058306
0 0.261152 0.750861 0.026914 0.107631
0 0.934700 0.306146 0.013725 0.062154
0 0.117977 0.518602 0.010687 0.088914
0 0.864324 0.284263 0.009496 0.049425
0 0.980973 0.403413 0.015788 0.064630
0 0.519621 0.180705 0.008713 0.042262
0 0.848018 0.283329 0.009131 0.048757
0 0.950440 0.313153 0.013540 0.060222
0 0.564588 0.198858 0.012074 0.043048
0 0.595308 0.198330 0.009101 0.038283
0 0.487233 0.171066 0.007357 0.043088
2 0.015275 0.360290 0.030476 0.043575
0 0.603491 0.191384 0.006764 0.025273
0 0.467803 0.161042 0.008851 0.042070
7 0.139161 0.465131 0.012468 0.040223
2 0.279296 0.338611 0.029990 0.072883
2 0.944696 0.397353 0.103823 0.078453
0 0.548272 0.190262 0.007155 0.044696
0 0.510344 0.177537 0.006011 0.034371
7 0.603138 0.360825 0.013071 0.058912
5 0.354451 0.414305 0.142837 0.235868
0 0.445594 0.149462 0.006735 0.040065
0 0.539237 0.184131 0.006679 0.042753
0 0.475755 0.162101 0.005863 0.039496
0 0.571599 0.202934 0.009782 0.052469
0 0.249606 0.095935 0.006126 0.038610
0 0.500255 0.177420 0.006459 0.028027
4 0.822231 0.620416 0.353933 0.363536
0 0.533045 0.181491 0.007326 0.043024
0 0.314462 0.156136 0.009519 0.042142
0 0.961708 0.415756 0.011647 0.084814
0 0.950285 0.420335 0.013887 0.071674
0 0.943453 0.404607 0.013215 0.072869
