2 0.953064 0.401501 0.076840 0.070531
2 0.230952 0.417315 0.069814 0.085701
2 0.045818 0.439974 0.091491 0.095481
2 0.362038 0.390415 0.063075 0.081570
2 0.306714 0.354381 0.061574 0.074033
2 0.427307 0.373537 0.082507 0.100647
2 0.304273 0.294189 0.058018 0.055676
2 0.331588 0.445896 0.075162 0.085454
4 0.371125 0.124142 0.101309 0.091317
2 0.174739 0.239660 0.045030 0.055235
2 0.319047 0.153653 0.043883 0.044342
2 0.097890 0.231890 0.040753 0.063681
2 0.237180 0.340614 0.060212 0.085028
2 0.371039 0.331340 0.046762 0.065177
2 0.744923 0.963971 0.191295 0.070389
2 0.035003 0.392638 0.069622 0.051579
2 0.192818 0.209533 0.038456 0.052185
2 0.145022 0.411412 0.062317 0.085636
0 0.940832 0.312454 0.011674 0.062196
0 0.057615 0.456550 0.020258 0.083211
0 0.891330 0.330863 0.011248 0.047384
2 0.109421 0.190377 0.039103 0.046814
2 0.060461 0.153164 0.035460 0.044132
2 0.248063 0.303512 0.055743 0.063240
0 0.579106 0.202847 0.009015 0.052388
0 0.537400 0.185444 0.009390 0.045579
0 0.957392 0.313763 0.011757 0.060382
2 0.165143 0.336132 0.055515 0.087334
2 0.146796 0.198486 0.038898 0.061611
0 0.512146 0.178632 0.007496 0.042340
0 0.551676 0.191464 0.008634 0.045591
0 0.950403 0.314193 0.008728 0.058411
0 0.004013 0.497632 0.008026 0.093196
0 0.100677 0.513196 0.013699 0.087682
2 0.104724 0.149495 0.038080 0.040407
0 0.496293 0.165184 0.009411 0.044642
2 0.111923 0.083295 0.028591 0.030334
2 0.163005 0.186407 0.035604 0.044989
0 0.601290 0.191678 0.006880 0.025536
2 0.015395 0.357481 0.030732 0.038931
0 0.521285 0.180411 0.006395 0.038182
0 0.573123 0.199114 0.005991 0.041842
0 0.563098 0.197276 0.007437 0.045743
2 0.138794 0.264802 0.046742 0.054410
2 0.135858 0.166293 0.034992 0.038778
0 0.567665 0.197581 0.007567 0.042839
2 0.196315 0.270842 0.032566 0.060516
2 0.244553 0.250205 0.065589 0.079620
0 0.489936 0.159058 0.005604 0.036115
0 0.622339 0.215607 0.009491 0.048544
0 0.567211 0.171153 0.007351 0.020351
2 0.069066 0.061637 0.014259 0.029751
0 0.574536 0.169229 0.005723 0.024625
0 0.461802 0.152627 0.007070 0.037793
2 0.180167 0.304159 0.036751 0.048842
0 0.439019 0.151621 0.008484 0.042521
0 0.545558 0.190854 0.007234 0.042864
2 0.989361 0.370784 0.021044 0.042015
2 0.157259 0.066269 0.016175 0.025144
0 0.450279 0.152901 0.008103 0.037711
0 0.565442 0.197147 0.011124 0.045280
2 0.256554 0.263670 0.040885 0.054884
0 0.465929 0.150561 0.005466 0.039474
0 0.153045 0.086999 0.008012 0.027542
7 0.603531 0.359461 0.012841 0.061352
7 0.139246 0.466470 0.013644 0.038523
