2 0.188183 0.371679 0.063176 0.076540
2 0.244760 0.433163 0.064529 0.089076
2 0.466566 0.484514 0.090523 0.100956
2 0.506796 0.250725 0.055115 0.051181
2 0.198115 0.316194 0.058066 0.067362
2 0.758414 0.711510 0.134618 0.139497
2 0.559851 0.614758 0.130592 0.154610
2 0.045679 0.439138 0.091342 0.096378
2 0.664138 0.315075 0.075251 0.065000
2 0.566880 0.730324 0.110899 0.150049
2 0.133040 0.165734 0.044259 0.054554
2 0.141403 0.218142 0.042921 0.052500
4 0.388906 0.136107 0.103973 0.095105
2 0.181143 0.103685 0.032223 0.034511
2 0.118112 0.298998 0.046262 0.080188
2 0.894230 0.412483 0.053109 0.079651
0 0.338816 0.936953 0.023933 0.125651
2 0.227414 0.280566 0.061349 0.074737
0 0.366946 0.936041 0.026165 0.124993
5 0.332967 0.406068 0.101726 0.178364
0 0.935312 0.346298 0.011390 0.050659
2 0.034695 0.394465 0.069072 0.054136
0 0.916922 0.305793 0.009946 0.059650
0 0.521745 0.180319 0.010085 0.043166
4 0.615022 0.485682 0.260252 0.287654
2 0.073772 0.060500 0.024374 0.029468
0 0.393893 0.928488 0.025948 0.138067
0 0.953082 0.313341 0.009923 0.061211
2 0.144608 0.265746 0.049600 0.069631
0 0.933243 0.306143 0.013777 0.060748
0 0.118117 0.518653 0.010547 0.088819
0 0.951538 0.416364 0.013096 0.062523
0 0.564547 0.198847 0.012237 0.044158
0 0.650633 0.218465 0.009212 0.043577
2 0.060825 0.119006 0.029172 0.035006
0 0.603215 0.191177 0.006816 0.026015
2 0.015351 0.360155 0.030630 0.043466
0 0.945301 0.312087 0.011125 0.057389
0 0.571787 0.203959 0.009741 0.050118
0 0.732613 0.270069 0.006412 0.045094
2 0.319996 0.152312 0.045945 0.048160
0 0.344541 0.159412 0.006981 0.038954
0 0.474251 0.164950 0.009377 0.041932
7 0.139221 0.464939 0.012613 0.040301
0 0.246952 0.095598 0.007579 0.038496
0 0.962701 0.417663 0.011919 0.071912
0 0.480350 0.168957 0.007301 0.045089
0 0.549835 0.190722 0.007121 0.043946
0 0.487412 0.171547 0.008011 0.042969
0 0.970018 0.408775 0.009285 0.062502
0 0.442984 0.150670 0.007681 0.038506
0 0.511609 0.213508 0.008871 0.026651
0 0.334697 0.158413 0.008471 0.043615
2 0.992749 0.370077 0.014428 0.043111
0 0.553522 0.989272 0.012673 0.021456
0 0.718476 0.263477 0.007736 0.048871
0 0.210422 0.089317 0.008026 0.033183
0 0.181491 0.071067 0.008399 0.029201
4 0.322231 0.271000 0.140449 0.172641
