2 0.939805 0.830739 0.120054 0.192413
2 0.730038 0.772887 0.155069 0.166247
2 0.226338 0.403872 0.067870 0.078661
2 0.945939 0.945357 0.107862 0.105866
2 0.228209 0.466627 0.075588 0.094230
2 0.532594 0.528084 0.105674 0.108758
2 0.045635 0.439839 0.090774 0.095539
2 0.311415 0.426703 0.074596 0.085594
2 0.947732 0.574555 0.104325 0.099579
2 0.407435 0.364706 0.072709 0.087512
2 0.516455 0.591541 0.101418 0.114327
4 0.278742 0.096358 0.103581 0.083617
2 0.755903 0.453702 0.093832 0.081449
2 0.327464 0.365503 0.063535 0.074084
2 0.131079 0.700431 0.129668 0.144400
2 0.560735 0.342219 0.059529 0.065053
2 0.293854 0.220322 0.052154 0.047695
2 0.341473 0.333613 0.062260 0.069207
2 0.265782 0.370310 0.064187 0.085508
2 0.222150 0.334131 0.054044 0.066540
2 0.472648 0.264908 0.060582 0.051643
2 0.409793 0.219284 0.050633 0.051364
2 0.247926 0.304136 0.055831 0.057904
2 0.094324 0.227360 0.036907 0.054737
0 0.942385 0.408670 0.015931 0.066944
0 0.345803 0.921189 0.035746 0.134787
2 0.264807 0.567174 0.068265 0.115033
2 0.314012 0.175431 0.048771 0.050588
2 0.104969 0.181439 0.039789 0.042463
2 0.203406 0.142661 0.041614 0.044834
2 0.034829 0.392261 0.069332 0.051275
2 0.162826 0.182681 0.054142 0.051880
0 0.963856 0.411231 0.016727 0.070546
5 0.146463 0.272455 0.116397 0.138359
0 0.904187 0.324477 0.011092 0.056428
2 0.190427 0.106498 0.028001 0.034170
0 0.913006 0.305760 0.012937 0.058002
2 0.413697 0.198084 0.046890 0.037404
2 0.151016 0.112267 0.034762 0.036104
0 0.933900 0.307713 0.014681 0.063041
0 0.974488 0.411788 0.010133 0.053755
0 0.529651 0.243278 0.010133 0.052164
0 0.581029 0.203604 0.010280 0.051988
0 0.568213 0.199320 0.009498 0.042342
0 0.505374 0.183352 0.007433 0.040868
0 0.954841 0.313578 0.011828 0.059678
0 0.463179 0.956280 0.025826 0.087441
0 0.845862 0.313042 0.009408 0.047751
0 0.863038 0.322699 0.008704 0.043250
4 0.058500 0.103667 0.033315 0.072944
0 0.523515 0.181032 0.008721 0.046779
5 0.160742 0.329582 0.046249 0.095450
0 0.513607 0.177852 0.006732 0.042290
0 0.949011 0.311998 0.010499 0.056070
4 0.175980 0.069675 0.049000 0.060297
2 0.015447 0.358313 0.030804 0.040199
0 0.528443 0.192570 0.005285 0.026372
0 0.598697 0.208439 0.011618 0.055955
5 0.133990 0.080779 0.037159 0.051615
0 0.444707 0.152076 0.007610 0.040681
2 0.072588 0.084283 0.018405 0.031542
0 0.539446 0.184128 0.007291 0.042047
2 0.320873 0.153130 0.048108 0.052230
0 0.690076 0.241244 0.010942 0.043774
0 0.545152 0.190670 0.009060 0.042505
0 0.630044 0.229725 0.007442 0.046189
0 0.552347 0.190918 0.007044 0.045193
0 0.454116 0.159931 0.006328 0.038771
0 0.486879 0.165140 0.006066 0.037000
0 0.461758 0.156911 0.007251 0.035264
0 0.495828 0.172584 0.009030 0.033838
7 0.139246 0.464330 0.012039 0.037096
7 0.603130 0.358748 0.015249 0.057072
