2 0.839085 0.531786 0.105778 0.088791
2 0.937423 0.397069 0.089013 0.078168
2 0.417682 0.371135 0.079467 0.095507
2 0.334153 0.368067 0.064666 0.075444
2 0.897565 0.491456 0.070078 0.083686
2 0.274066 0.317017 0.066730 0.084216
2 0.938492 0.593926 0.123015 0.102802
2 0.045620 0.439184 0.091170 0.096744
2 0.100532 0.237350 0.047503 0.055426
2 0.341890 0.326125 0.066787 0.066901
2 0.195633 0.213500 0.045204 0.051702
2 0.318903 0.154492 0.043630 0.043892
2 0.806577 0.957803 0.190760 0.084393
2 0.229572 0.131798 0.038756 0.037188
4 0.385818 0.132889 0.104258 0.095298
0 0.679378 0.445865 0.016132 0.070456
2 0.153653 0.091255 0.034152 0.037646
0 0.330874 0.779217 0.022775 0.113679
0 0.916992 0.333707 0.012450 0.057506
0 0.584268 0.449273 0.013259 0.081762
0 0.797788 0.433054 0.018384 0.074083
0 0.609370 0.450049 0.015364 0.078046
0 0.840477 0.311358 0.011688 0.048429
2 0.034880 0.394371 0.069473 0.053995
0 0.717057 0.430024 0.017931 0.071838
0 0.891090 0.337306 0.013455 0.036565
0 0.812429 0.425332 0.017110 0.065907
0 0.780327 0.436138 0.018251 0.072738
0 0.618677 0.461970 0.017963 0.070664
0 0.728664 0.434447 0.020907 0.067175
0 0.830071 0.450866 0.020203 0.067689
0 0.761508 0.451917 0.023990 0.073233
0 0.478394 0.164563 0.008216 0.042354
2 0.015301 0.360029 0.030528 0.043233
0 0.736982 0.265513 0.011471 0.060088
6 0.603495 0.358533 0.013442 0.054573
0 0.598264 0.477211 0.014160 0.076081
0 0.603469 0.191930 0.007297 0.026411
0 0.532318 0.181020 0.007749 0.042446
0 0.765738 0.274083 0.012113 0.056665
0 0.653764 0.234753 0.008198 0.048398
2 0.285110 0.373232 0.023078 0.070892
0 0.771607 0.430244 0.013470 0.067792
0 0.564750 0.199057 0.012011 0.043591
0 0.446867 0.153122 0.006852 0.038849
0 0.548538 0.189826 0.007030 0.045770
4 0.201765 0.351259 0.147660 0.216047
6 0.139325 0.464729 0.012398 0.040572
0 0.463919 0.160289 0.006772 0.035778
0 0.510381 0.177388 0.006046 0.033877
2 0.206793 0.267811 0.050223 0.049921
0 0.566979 0.198577 0.007894 0.041863
0 0.183877 0.072900 0.005805 0.033369
2 0.988044 0.370962 0.023877 0.045761
0 0.572491 0.203840 0.009573 0.051467
2 0.988630 0.570980 0.022656 0.070429
0 0.538552 0.187238 0.007149 0.047159
0 0.758054 0.272756 0.011083 0.053548
0 0.452783 0.152434 0.006182 0.038876
2 0.141985 0.260216 0.032865 0.026514
0 0.490371 0.167221 0.007108 0.046669
