2 0.231109 0.348130 0.059585 0.070057
2 0.723846 0.586290 0.136535 0.151249
2 0.518198 0.693782 0.116769 0.138916
2 0.952955 0.401500 0.076880 0.070603
2 0.753508 0.796880 0.142192 0.156297
2 0.163159 0.289252 0.051604 0.063940
2 0.045784 0.439582 0.091167 0.095392
2 0.775350 0.509786 0.094998 0.100516
2 0.355715 0.324642 0.063157 0.069141
2 0.542206 0.461388 0.074749 0.090297
2 0.178899 0.241211 0.048133 0.053837
2 0.341563 0.505587 0.093272 0.134611
2 0.442342 0.519998 0.095018 0.129078
2 0.540390 0.534109 0.083725 0.106844
2 0.166798 0.670462 0.110319 0.136130
2 0.106617 0.238764 0.046249 0.065996
2 0.409247 0.428591 0.077540 0.076509
2 0.245733 0.303090 0.052290 0.059868
0 0.084653 0.501370 0.021276 0.088802
2 0.315558 0.350512 0.070397 0.087100
2 0.318914 0.154040 0.044024 0.044309
0 0.938331 0.312571 0.011373 0.061867
2 0.192741 0.210410 0.038470 0.052937
2 0.034848 0.392557 0.069331 0.051084
2 0.109289 0.190329 0.039500 0.046750
2 0.080863 0.168417 0.033620 0.045352
0 0.826713 0.305318 0.013257 0.050153
0 0.955707 0.313580 0.011064 0.062222
0 0.581371 0.203576 0.010158 0.052514
4 0.164312 0.067699 0.074621 0.064680
2 0.146899 0.199983 0.039030 0.060432
2 0.239287 0.238513 0.047444 0.049030
0 0.535495 0.185398 0.009234 0.045555
2 0.270877 0.270842 0.053405 0.058350
0 0.512067 0.178647 0.007269 0.042345
2 0.078566 0.208379 0.027602 0.049536
0 0.619604 0.215495 0.009090 0.048192
0 0.571750 0.198907 0.006848 0.042295
0 0.551403 0.191431 0.008637 0.045406
2 0.015398 0.357913 0.030732 0.039869
0 0.950433 0.312644 0.009556 0.056701
0 0.563012 0.198935 0.007172 0.042192
0 0.496190 0.164476 0.009147 0.046042
2 0.104016 0.148871 0.035961 0.038918
0 0.146035 0.547783 0.008975 0.068624
0 0.600913 0.192176 0.006771 0.025929
0 0.470647 0.166552 0.009392 0.037609
0 0.437211 0.150922 0.007248 0.043113
0 0.521245 0.180409 0.006596 0.038287
0 0.430078 0.149565 0.007632 0.043549
2 0.163147 0.187779 0.034961 0.048168
0 0.544688 0.191081 0.008421 0.042875
2 0.137806 0.165922 0.039048 0.038186
0 0.567181 0.197199 0.006055 0.041708
0 0.144768 0.547398 0.006444 0.066816
0 0.481705 0.160473 0.006562 0.035469
0 0.564605 0.198380 0.009859 0.042942
0 0.624479 0.226206 0.005033 0.029904
2 0.989358 0.371014 0.021039 0.041597
0 0.422186 0.145738 0.009290 0.031377
7 0.139647 0.462190 0.012841 0.038523
7 0.603531 0.358035 0.012841 0.055645
