2 0.899450 0.915452 0.172832 0.166339
2 0.856036 0.761455 0.158240 0.171901
2 0.610224 0.673675 0.127444 0.161312
2 0.465315 0.472608 0.085076 0.093141
2 0.931414 0.709080 0.136813 0.152205
2 0.490642 0.576916 0.111234 0.120439
2 0.308969 0.424149 0.073536 0.085091
2 0.045652 0.439636 0.090789 0.095544
2 0.400014 0.489711 0.083755 0.096352
2 0.754426 0.805622 0.144375 0.159327
2 0.398318 0.417302 0.073884 0.080648
2 0.973012 0.887929 0.053722 0.116066
2 0.629261 0.581647 0.112542 0.113741
2 0.705937 0.663728 0.120291 0.128304
2 0.799533 0.455605 0.084477 0.076208
2 0.310958 0.182878 0.043468 0.042076
2 0.318661 0.153656 0.044213 0.043125
2 0.444365 0.217458 0.049958 0.044571
2 0.786122 0.621523 0.141007 0.128264
2 0.798220 0.526951 0.095248 0.082901
2 0.664891 0.545881 0.117257 0.112841
2 0.382674 0.186810 0.038303 0.040864
0 0.447357 0.970991 0.024655 0.058017
2 0.033917 0.392423 0.067675 0.050865
0 0.904906 0.325564 0.010807 0.043571
0 0.082528 0.594639 0.015603 0.091373
2 0.552956 0.516395 0.082377 0.119983
0 0.581880 0.204756 0.012156 0.050813
2 0.237887 0.079141 0.046960 0.032194
0 0.523081 0.179032 0.009049 0.044249
0 0.956337 0.313716 0.011268 0.060689
4 0.778502 0.350731 0.276061 0.221491
0 0.169229 0.529265 0.017085 0.091944
0 0.934720 0.353100 0.010089 0.037913
0 0.941897 0.315125 0.013267 0.057633
2 0.992325 0.368474 0.015162 0.037645
0 0.935992 0.310096 0.010209 0.059292
0 0.924258 0.343798 0.010735 0.048617
0 0.571530 0.198702 0.007414 0.042424
0 0.511716 0.178207 0.007315 0.043629
0 0.886753 0.321559 0.008069 0.021642
0 0.470640 0.166054 0.006210 0.036750
2 0.015306 0.358080 0.030531 0.039874
0 0.601093 0.192144 0.006863 0.026769
0 0.397856 0.137435 0.008318 0.036540
0 0.830481 0.287020 0.006746 0.019703
0 0.949331 0.313037 0.011093 0.057615
2 0.086983 0.057371 0.026217 0.028521
0 0.563234 0.199250 0.007625 0.041593
0 0.550576 0.190625 0.008051 0.044754
0 0.437589 0.151297 0.007223 0.043249
0 0.538439 0.183890 0.006022 0.041616
0 0.495616 0.172056 0.009157 0.030846
0 0.430276 0.150961 0.006463 0.043075
0 0.466111 0.199283 0.007592 0.041945
0 0.558533 0.181269 0.007198 0.037868
0 0.460693 0.156084 0.006823 0.035716
0 0.302347 0.084691 0.006469 0.031621
2 0.214223 0.062324 0.030657 0.034417
0 0.116152 0.509735 0.007783 0.058706
0 0.421742 0.145316 0.009866 0.030920
0 0.294776 0.086357 0.006975 0.031298
2 0.002888 0.540614 0.005742 0.019778
0 0.323047 0.082449 0.006182 0.026758
6 0.138443 0.462190 0.013644 0.038523
