2 0.930205 0.930892 0.139234 0.132517
2 0.890506 0.774342 0.158966 0.183284
2 0.709356 0.758225 0.146122 0.179669
2 0.169948 0.350231 0.058856 0.074227
2 0.045588 0.439894 0.091103 0.095545
2 0.259052 0.311013 0.054881 0.067482
2 0.407462 0.365014 0.072328 0.087798
5 0.371396 0.191951 0.064096 0.072762
2 0.338983 0.375731 0.074690 0.079278
2 0.538559 0.615319 0.121361 0.128597
2 0.308805 0.423938 0.073750 0.085556
2 0.240633 0.346428 0.062700 0.080793
2 0.220885 0.403930 0.066219 0.084543
2 0.442915 0.528343 0.089446 0.106523
2 0.170814 0.438746 0.062822 0.088930
2 0.810801 0.412367 0.087828 0.076911
2 0.872176 0.564084 0.131244 0.098181
2 0.607725 0.324043 0.079154 0.069203
2 0.192102 0.309305 0.053756 0.062274
4 0.382078 0.129054 0.100366 0.095033
2 0.498649 0.312227 0.071956 0.068919
2 0.286571 0.211377 0.047090 0.046276
2 0.327196 0.169145 0.043947 0.039905
2 0.232088 0.141158 0.038519 0.037248
2 0.443978 0.216977 0.049640 0.044195
2 0.389563 0.246489 0.056276 0.052401
4 0.260806 0.094661 0.144616 0.091336
0 0.941466 0.409606 0.014426 0.066137
0 0.963881 0.410942 0.016303 0.071215
0 0.866639 0.293128 0.013341 0.052809
2 0.973992 0.878049 0.051648 0.095214
2 0.079054 0.210859 0.029476 0.050783
0 0.478226 0.217223 0.010964 0.048861
2 0.034182 0.392426 0.067998 0.050808
0 0.923660 0.306567 0.013586 0.059650
0 0.099013 0.570096 0.019672 0.093758
0 0.974139 0.410668 0.009928 0.056076
0 0.928002 0.346522 0.013471 0.048298
2 0.099867 0.083012 0.028049 0.030797
0 0.767634 0.288663 0.009006 0.040021
0 0.939308 0.348098 0.010517 0.047616
0 0.581070 0.203712 0.010547 0.052079
0 0.608759 0.212657 0.010886 0.043937
2 0.326156 0.318075 0.063070 0.059100
0 0.568400 0.199058 0.009688 0.042089
5 0.139300 0.214864 0.107327 0.111806
0 0.624761 0.210411 0.009877 0.045044
0 0.937300 0.304963 0.011865 0.058875
2 0.086771 0.272183 0.032041 0.067864
0 0.519956 0.188739 0.008077 0.040240
0 0.513530 0.177795 0.007854 0.042549
0 0.471927 0.160663 0.007537 0.038892
0 0.955062 0.314492 0.013319 0.058525
2 0.015309 0.358390 0.030533 0.039884
2 0.320083 0.148827 0.046512 0.042434
0 0.949712 0.312361 0.010727 0.057062
2 0.128654 0.310499 0.039866 0.053954
0 0.486698 0.165297 0.006025 0.036927
0 0.495487 0.171177 0.009066 0.030333
0 0.539417 0.183920 0.007460 0.042389
2 0.066924 0.081645 0.024257 0.033015
0 0.501601 0.174476 0.009375 0.034013
0 0.598315 0.208923 0.008296 0.053049
0 0.552302 0.190617 0.007296 0.046390
2 0.065720 0.313098 0.039296 0.061174
2 0.156935 0.066711 0.016116 0.026294
0 0.529191 0.193108 0.004630 0.025255
0 0.546203 0.191190 0.009390 0.042568
0 0.461140 0.157305 0.012962 0.043783
0 0.436708 0.152627 0.008213 0.039819
0 0.445387 0.152462 0.009519 0.043469
7 0.138443 0.462904 0.010433 0.042804
7 0.603531 0.360175 0.012841 0.057072
