2 0.949946 0.846482 0.099807 0.132881
2 0.397002 0.488684 0.084082 0.096805
2 0.952794 0.401776 0.076913 0.070608
2 0.333489 0.364839 0.067349 0.076883
2 0.938630 0.937950 0.122245 0.121714
2 0.724307 0.659258 0.127122 0.104239
2 0.254409 0.365220 0.068115 0.091671
2 0.045685 0.439626 0.090931 0.095600
2 0.760732 0.602751 0.126078 0.121698
2 0.423774 0.375371 0.069691 0.077387
2 0.750456 0.742459 0.152133 0.178719
2 0.170825 0.294519 0.058848 0.067984
2 0.404291 0.431369 0.073663 0.085680
2 0.168633 0.236997 0.046134 0.054651
2 0.566676 0.711964 0.136091 0.183194
2 0.509061 0.448253 0.082709 0.089273
2 0.795781 0.948745 0.137863 0.099651
2 0.156510 0.184756 0.046040 0.051171
2 0.296936 0.185403 0.047017 0.049779
2 0.527975 0.598188 0.108671 0.100184
2 0.566429 0.541241 0.105964 0.129060
2 0.202868 0.216948 0.048092 0.055839
0 0.384343 0.936728 0.033308 0.125224
2 0.758391 0.535385 0.102134 0.090818
2 0.095311 0.180326 0.039736 0.047503
0 0.367398 0.886176 0.022598 0.142201
2 0.395817 0.234694 0.057157 0.047477
2 0.976470 0.592529 0.046765 0.064892
2 0.318896 0.153301 0.044034 0.043506
2 0.307413 0.294676 0.048188 0.056982
0 0.939418 0.313696 0.013141 0.060062
2 0.114073 0.157945 0.040615 0.045130
2 0.034764 0.392103 0.069103 0.051280
0 0.954797 0.313846 0.012699 0.061883
2 0.598560 0.369885 0.076690 0.066284
0 0.155414 0.533538 0.015850 0.091303
0 0.581644 0.203961 0.011729 0.052648
0 0.771919 0.279125 0.009073 0.048887
0 0.619453 0.215058 0.009729 0.047296
0 0.535767 0.186037 0.009265 0.044656
2 0.260158 0.284858 0.049415 0.092226
0 0.601281 0.192653 0.006674 0.027292
0 0.571667 0.198959 0.006822 0.041630
0 0.562961 0.199425 0.007150 0.041569
2 0.015375 0.357540 0.030701 0.038836
0 0.512041 0.178433 0.007110 0.043428
0 0.550599 0.191407 0.008324 0.045020
0 0.436974 0.150428 0.007547 0.045439
0 0.482857 0.166701 0.005960 0.035224
0 0.430267 0.149323 0.006730 0.043154
0 0.496195 0.164765 0.009108 0.046326
0 0.462543 0.154933 0.007427 0.035348
0 0.500767 0.171388 0.007010 0.044057
2 0.988975 0.371246 0.021867 0.042208
0 0.567214 0.197152 0.005904 0.042005
0 0.481100 0.144060 0.005433 0.023499
2 0.002981 0.540389 0.005934 0.020101
0 0.937022 0.306115 0.009727 0.057593
0 0.949332 0.312521 0.008758 0.056409
2 0.054415 0.197526 0.055710 0.055281
0 0.422216 0.145418 0.010095 0.031537
0 0.564474 0.198711 0.010025 0.042490
0 0.624987 0.225352 0.005208 0.028689
2 0.259960 0.300657 0.048755 0.061411
0 0.543573 0.189808 0.007436 0.039841
0 0.456441 0.150985 0.005534 0.036550
2 0.157091 0.066708 0.016657 0.026971
2 0.189232 0.066087 0.031729 0.033473
7 0.138844 0.462190 0.012841 0.041377
7 0.604334 0.359461 0.014446 0.058498
