2 0.325636 0.358637 0.066448 0.075302
2 0.722398 0.659202 0.127367 0.105901
2 0.937176 0.936973 0.125338 0.124010
2 0.952806 0.401654 0.076789 0.070419
2 0.246088 0.357757 0.067157 0.090033
2 0.947145 0.845424 0.105478 0.141201
2 0.387674 0.480905 0.082867 0.094984
2 0.790856 0.945145 0.140450 0.106337
2 0.045648 0.439736 0.090867 0.095627
2 0.747164 0.740392 0.151168 0.178711
2 0.759012 0.535581 0.099856 0.092564
2 0.413852 0.367878 0.068379 0.075551
2 0.497521 0.439948 0.080738 0.088515
2 0.731178 0.586544 0.119893 0.115842
2 0.162471 0.232182 0.045964 0.053297
2 0.564996 0.710830 0.135676 0.183133
2 0.394569 0.422770 0.072008 0.084768
2 0.310231 0.192959 0.048596 0.050549
2 0.164886 0.288451 0.055950 0.067229
2 0.638501 0.389393 0.074428 0.069687
2 0.154155 0.182784 0.045809 0.050019
2 0.519167 0.591547 0.106555 0.095600
2 0.197852 0.214031 0.047740 0.055876
0 0.387143 0.940937 0.027542 0.117822
2 0.555654 0.532826 0.104438 0.127521
2 0.092786 0.178417 0.039625 0.047546
0 0.372171 0.890106 0.022720 0.141194
2 0.034610 0.392254 0.068856 0.050855
2 0.318996 0.153592 0.044194 0.043631
0 0.954516 0.313930 0.012632 0.061742
2 0.416686 0.245514 0.055682 0.050465
2 0.112857 0.157679 0.040748 0.046714
0 0.155638 0.532754 0.016943 0.091057
0 0.773013 0.280902 0.011219 0.049432
0 0.581707 0.203713 0.011327 0.052757
0 0.938891 0.312902 0.012417 0.061213
0 0.619406 0.215220 0.010104 0.047216
0 0.535736 0.186072 0.009400 0.044810
2 0.253043 0.278934 0.048683 0.090074
2 0.298178 0.284194 0.047374 0.065529
0 0.571569 0.199005 0.006848 0.041629
2 0.015385 0.358040 0.030699 0.039969
0 0.601195 0.192253 0.006836 0.025888
0 0.551014 0.191235 0.008581 0.044561
0 0.562984 0.199227 0.007129 0.041898
0 0.482782 0.166318 0.005904 0.035592
0 0.500918 0.173994 0.007303 0.038735
0 0.947803 0.312708 0.010930 0.057103
0 0.567086 0.197348 0.006027 0.042054
0 0.437363 0.151274 0.006869 0.043053
2 0.989142 0.371103 0.021433 0.041855
0 0.513746 0.181772 0.009356 0.048948
0 0.496109 0.164414 0.009057 0.046390
0 0.462329 0.154074 0.007001 0.037059
0 0.430073 0.149511 0.006613 0.043020
0 0.482038 0.143655 0.005178 0.020769
2 0.002959 0.540224 0.005891 0.020401
0 0.512480 0.178542 0.007145 0.042797
0 0.456982 0.150129 0.005584 0.034331
0 0.543858 0.191251 0.008109 0.042552
0 0.625192 0.225528 0.005036 0.028460
0 0.421792 0.145609 0.009592 0.030632
2 0.253187 0.297467 0.047911 0.053902
0 0.116273 0.509333 0.007814 0.057912
2 0.050930 0.187225 0.050052 0.035631
2 0.189193 0.066139 0.032075 0.033687
7 0.138844 0.465044 0.012841 0.038523
7 0.602327 0.355894 0.015249 0.062779
