2 0.928152 0.859030 0.143545 0.194674
4 0.433157 0.147763 0.104572 0.099489
2 0.873156 0.510610 0.118037 0.088349
2 0.361402 0.389427 0.062725 0.080990
2 0.206498 0.393251 0.066396 0.081288
2 0.425059 0.372729 0.082450 0.102394
2 0.749179 0.421656 0.090578 0.079038
2 0.045995 0.439879 0.091597 0.095654
2 0.953565 0.401583 0.077073 0.070506
2 0.304574 0.294585 0.058033 0.055231
2 0.306888 0.354449 0.061114 0.074950
2 0.265225 0.389580 0.064829 0.078325
2 0.175111 0.240011 0.044514 0.055305
2 0.486443 0.274128 0.059070 0.052194
2 0.981889 0.964903 0.035841 0.069255
2 0.369592 0.329444 0.046282 0.063006
0 0.383029 0.516642 0.025486 0.082692
2 0.193237 0.210514 0.038183 0.051098
2 0.201809 0.162133 0.041747 0.042541
2 0.293879 0.190723 0.045022 0.045085
2 0.351430 0.246114 0.055293 0.051296
2 0.235426 0.337218 0.059142 0.080482
0 0.151249 0.557077 0.018597 0.087138
2 0.035130 0.393543 0.069991 0.052914
2 0.098071 0.232275 0.040553 0.064909
2 0.319329 0.154001 0.044145 0.044222
2 0.094674 0.146275 0.036723 0.044564
2 0.141158 0.403953 0.059157 0.084796
2 0.632709 0.387297 0.071751 0.071509
2 0.852229 0.972482 0.148366 0.053719
0 0.579218 0.203163 0.009262 0.052566
0 0.939984 0.314276 0.012006 0.059128
2 0.063996 0.158747 0.036471 0.043096
0 0.954215 0.314168 0.012772 0.060266
2 0.143334 0.197122 0.038857 0.064311
0 0.536066 0.186149 0.009381 0.044803
2 0.247675 0.303899 0.057416 0.062985
2 0.158060 0.331670 0.064662 0.086464
2 0.787380 0.400712 0.084976 0.066380
2 0.501796 0.337131 0.059648 0.079445
2 0.133658 0.167292 0.046422 0.045503
0 0.512543 0.178980 0.006921 0.041676
2 0.015584 0.358477 0.031073 0.040436
0 0.552180 0.191570 0.008330 0.046508
0 0.622337 0.214785 0.008579 0.046668
0 0.374575 0.507860 0.016884 0.071174
0 0.601755 0.192421 0.007095 0.026114
0 0.521634 0.181072 0.006402 0.037410
2 0.180876 0.303433 0.035924 0.051306
3 0.860792 0.415912 0.028377 0.052196
2 0.138688 0.266689 0.047012 0.056775
0 0.564872 0.199262 0.007257 0.041983
2 0.244170 0.249813 0.066156 0.078517
0 0.860731 0.375516 0.010764 0.033916
0 0.971535 0.418649 0.014889 0.069721
2 0.196420 0.271675 0.032545 0.060417
0 0.864657 0.409246 0.014876 0.064964
2 0.076984 0.210266 0.023295 0.049373
0 0.568931 0.198091 0.006634 0.042200
0 0.545835 0.191355 0.007701 0.043627
0 0.964836 0.417144 0.012553 0.067683
0 0.573156 0.200133 0.006709 0.040670
2 0.164632 0.187834 0.032997 0.046246
2 0.157748 0.067375 0.017068 0.027243
0 0.950853 0.313472 0.007641 0.058096
2 0.155083 0.186978 0.051770 0.048126
2 0.244334 0.237216 0.065618 0.053327
0 0.126041 0.259391 0.008420 0.027181
6 0.140449 0.464330 0.011236 0.037096
6 0.604334 0.359461 0.014446 0.055645
