2 0.393002 0.413504 0.080263 0.097625
2 0.243433 0.361522 0.062887 0.078809
2 0.937409 0.397139 0.089225 0.078287
2 0.708521 0.582034 0.119137 0.111717
2 0.417942 0.598971 0.087917 0.120316
2 0.687429 0.716329 0.136078 0.146113
2 0.698648 0.374891 0.077811 0.068557
2 0.477424 0.264702 0.057396 0.051497
2 0.489529 0.571180 0.097901 0.111115
2 0.524424 0.459765 0.084131 0.093877
2 0.596857 0.512007 0.098597 0.091659
2 0.584684 0.737639 0.130635 0.146023
2 0.261092 0.314193 0.062372 0.068587
2 0.855761 0.657711 0.137724 0.124818
2 0.916981 0.800920 0.166038 0.163751
2 0.045687 0.439131 0.091268 0.096292
2 0.415024 0.372263 0.069410 0.073184
2 0.602798 0.578642 0.107191 0.112064
2 0.875590 0.858077 0.169341 0.168512
2 0.314259 0.182814 0.044849 0.046042
2 0.787458 0.916115 0.174103 0.167771
2 0.790329 0.681641 0.143642 0.134674
4 0.541802 0.198608 0.106533 0.116734
2 0.397053 0.246598 0.055641 0.052053
2 0.578115 0.347081 0.078919 0.070686
4 0.392166 0.136934 0.129741 0.108532
2 0.192255 0.118273 0.033320 0.034249
2 0.319024 0.151397 0.043874 0.038529
2 0.355702 0.181167 0.048112 0.042741
0 0.126787 0.650923 0.021330 0.102524
2 0.044493 0.148433 0.020938 0.040802
2 0.034807 0.394420 0.069247 0.054676
0 0.646644 0.218605 0.007420 0.044131
2 0.015247 0.360046 0.030443 0.043273
0 0.477843 0.166766 0.009190 0.040083
2 0.985142 0.737017 0.029716 0.104301
7 0.139344 0.464832 0.012429 0.039784
7 0.603021 0.359866 0.012936 0.055024
2 0.084855 0.060465 0.025416 0.028543
0 0.251723 0.095889 0.008902 0.039909
