2 0.704996 0.392922 0.080529 0.077239
2 0.265117 0.381050 0.064635 0.077517
2 0.382587 0.418348 0.072758 0.078854
2 0.456377 0.410321 0.074463 0.082500
2 0.103285 0.195145 0.041053 0.058182
2 0.306068 0.294921 0.056020 0.055317
2 0.399255 0.505364 0.088503 0.104167
2 0.045683 0.439085 0.091230 0.096522
2 0.465871 0.226621 0.058445 0.051768
2 0.627879 0.531732 0.109981 0.105620
2 0.917291 0.682217 0.165292 0.164498
2 0.318969 0.154578 0.043857 0.044350
2 0.612012 0.583415 0.126189 0.145766
0 0.053171 0.535159 0.017539 0.089238
2 0.116656 0.085616 0.030782 0.031733
0 0.123868 0.640229 0.023338 0.094237
2 0.214551 0.226753 0.049756 0.046584
2 0.227650 0.268059 0.071011 0.056045
0 0.372984 0.969943 0.024969 0.060115
2 0.034803 0.394206 0.069254 0.053995
2 0.184780 0.085530 0.031080 0.030232
0 0.456978 0.973265 0.026065 0.053043
0 0.163731 0.674778 0.019885 0.104508
0 0.245239 0.740774 0.019611 0.107176
0 0.503977 0.951628 0.019644 0.080359
0 0.235904 0.699597 0.020324 0.115955
0 0.790447 0.284674 0.010781 0.038340
0 0.574600 0.194324 0.008332 0.037378
0 0.490383 0.966676 0.031300 0.066350
0 0.505186 0.219253 0.009053 0.047725
4 0.887845 0.414572 0.224310 0.238031
0 0.540167 0.183825 0.008272 0.047119
0 0.261025 0.778849 0.026966 0.122374
0 0.601806 0.191893 0.006718 0.025633
0 0.178220 0.669075 0.018609 0.104775
0 0.444267 0.153954 0.006381 0.041310
2 0.015267 0.360088 0.030446 0.043526
7 0.139204 0.464787 0.012533 0.040224
0 0.275582 0.775854 0.020093 0.113676
0 0.425275 0.985068 0.027081 0.029863
7 0.602984 0.358144 0.012807 0.055851
0 0.473041 0.165342 0.006307 0.043336
0 0.162246 0.611717 0.014611 0.047666
0 0.458278 0.159262 0.007387 0.038891
0 0.495457 0.172020 0.008204 0.031821
0 0.270838 0.709767 0.025312 0.061845
0 0.510173 0.176597 0.006178 0.035487
0 0.565216 0.201236 0.008783 0.049904
0 0.435917 0.151550 0.007609 0.041475
0 0.484523 0.158153 0.007716 0.041956
0 0.526061 0.185444 0.007466 0.043217
0 0.478315 0.166541 0.008176 0.044744
0 0.489138 0.210740 0.009224 0.026172
4 0.821027 0.826333 0.356340 0.347333
0 0.251706 0.095686 0.008386 0.038991
