2 0.278116 0.452636 0.076536 0.092781
2 0.379704 0.347768 0.064892 0.075201
2 0.479555 0.430849 0.076443 0.087101
2 0.238068 0.370556 0.060328 0.077406
2 0.937479 0.397127 0.089296 0.078120
2 0.613120 0.527340 0.101990 0.102020
2 0.407159 0.478721 0.088062 0.115664
2 0.822277 0.643115 0.137955 0.126290
2 0.245440 0.164330 0.047727 0.050998
2 0.045703 0.439126 0.091325 0.096501
2 0.919815 0.851448 0.160371 0.169563
2 0.661976 0.728836 0.131655 0.143810
2 0.463026 0.269728 0.059313 0.051964
2 0.318906 0.154229 0.043769 0.043725
2 0.368812 0.204186 0.047169 0.045439
2 0.466653 0.227120 0.059637 0.051325
4 0.616892 0.247202 0.157431 0.157869
2 0.167221 0.244820 0.053114 0.047269
0 0.137478 0.625328 0.019017 0.099003
2 0.098516 0.288263 0.035183 0.061174
0 0.286044 0.783469 0.022919 0.119619
2 0.057275 0.118953 0.022232 0.032363
0 0.312049 0.771018 0.025690 0.112597
2 0.034941 0.394740 0.069513 0.054813
2 0.150547 0.280989 0.051326 0.061460
2 0.973392 0.733231 0.053215 0.120373
2 0.067876 0.191407 0.030672 0.038971
0 0.518195 0.178814 0.007191 0.040350
0 0.352343 0.876393 0.021742 0.126759
0 0.390463 0.803842 0.025245 0.071965
0 0.732925 0.261851 0.006992 0.048918
2 0.015244 0.359954 0.030415 0.042900
0 0.478899 0.166135 0.007094 0.041912
0 0.510103 0.178278 0.006113 0.033726
0 0.442935 0.152874 0.007445 0.042317
7 0.139281 0.464790 0.012425 0.040106
0 0.468765 0.162720 0.006644 0.039664
0 0.532761 0.182070 0.007791 0.040930
7 0.602986 0.358433 0.012907 0.055247
0 0.463884 0.160173 0.006474 0.040399
0 0.307706 0.071801 0.004437 0.027101
0 0.398074 0.132373 0.006211 0.037386
0 0.491658 0.168926 0.007005 0.035286
0 0.436225 0.151516 0.007686 0.041983
0 0.387165 0.878165 0.024440 0.127053
2 0.157289 0.067066 0.016487 0.026359
0 0.526252 0.187022 0.007931 0.039960
0 0.449728 0.156449 0.007208 0.043062
2 0.245557 0.081763 0.047653 0.028761
0 0.250860 0.096076 0.008026 0.036169
