2 0.876656 0.796972 0.150918 0.160389
2 0.612488 0.776242 0.116545 0.199042
2 0.715901 0.653424 0.131426 0.144224
2 0.710993 0.582832 0.115920 0.124312
2 0.306161 0.415429 0.079724 0.088391
2 0.750344 0.794335 0.144380 0.155924
2 0.953418 0.401081 0.075617 0.070656
2 0.404175 0.495157 0.091370 0.117276
2 0.848592 0.576164 0.136517 0.094372
2 0.045675 0.439730 0.090814 0.095809
2 0.238803 0.357958 0.062988 0.075092
2 0.333251 0.367738 0.067592 0.074418
2 0.562562 0.632657 0.110645 0.122202
2 0.276217 0.322951 0.060021 0.069897
2 0.187918 0.316913 0.054679 0.067578
2 0.361481 0.334445 0.069030 0.073058
2 0.583975 0.569707 0.102374 0.106683
2 0.778582 0.531740 0.093399 0.086732
2 0.508111 0.497547 0.092112 0.101523
2 0.978864 0.748938 0.041849 0.112752
2 0.903732 0.464028 0.100583 0.076899
2 0.956209 0.950914 0.087311 0.094511
0 0.166430 0.674010 0.022547 0.109168
2 0.599029 0.359418 0.077797 0.075016
0 0.145768 0.640569 0.018389 0.109210
2 0.732733 0.363716 0.063386 0.062891
2 0.198815 0.114511 0.034861 0.037989
2 0.156097 0.128443 0.035068 0.036342
2 0.484241 0.418285 0.081913 0.080057
2 0.385319 0.208558 0.052882 0.046948
2 0.034097 0.392022 0.067989 0.051291
0 0.155113 0.537074 0.016349 0.095070
0 0.943213 0.314319 0.019597 0.058171
0 0.487138 0.975187 0.023506 0.049625
0 0.396971 0.960740 0.038647 0.077790
0 0.581582 0.204192 0.012095 0.052348
0 0.958737 0.314442 0.012487 0.059815
2 0.419042 0.406407 0.066651 0.114491
2 0.991231 0.599194 0.017280 0.058286
0 0.472598 0.166323 0.007079 0.036261
0 0.619811 0.215109 0.010029 0.046402
2 0.323712 0.153894 0.034486 0.044084
0 0.511765 0.178380 0.006930 0.042207
0 0.526488 0.179605 0.006506 0.042975
2 0.992314 0.368590 0.015024 0.037901
0 0.571444 0.199272 0.007065 0.042338
0 0.601230 0.191955 0.006695 0.025704
0 0.563255 0.198915 0.007493 0.042713
0 0.973832 0.350982 0.011224 0.044067
0 0.950211 0.313031 0.011399 0.057153
0 0.538362 0.183209 0.006430 0.042378
2 0.015470 0.357737 0.030762 0.038988
2 0.101157 0.071826 0.025050 0.027979
0 0.390303 0.132865 0.007926 0.037546
0 0.496153 0.165762 0.009507 0.045896
5 0.307123 0.167887 0.037556 0.059826
0 0.935852 0.309674 0.009230 0.063104
0 0.437486 0.151250 0.007281 0.044247
0 0.431081 0.149765 0.007571 0.043402
0 0.463179 0.155972 0.007348 0.033257
0 0.656310 0.223555 0.011414 0.044176
0 0.550828 0.191190 0.008754 0.044885
2 0.002987 0.540480 0.005942 0.020176
2 0.189476 0.066969 0.032145 0.035091
0 0.567280 0.197579 0.005450 0.040977
0 0.116248 0.509676 0.007933 0.058717
0 0.422342 0.144740 0.011037 0.032180
2 0.157060 0.066608 0.016297 0.026657
7 0.140048 0.465044 0.013644 0.035670
7 0.601525 0.359461 0.015249 0.061352
