2 0.920811 0.846669 0.158157 0.191613
2 0.635689 0.791628 0.182631 0.146756
4 0.433113 0.147853 0.104775 0.098779
2 0.046135 0.439500 0.091792 0.095359
2 0.246161 0.899797 0.231833 0.196827
2 0.884000 0.533282 0.129232 0.091328
2 0.206582 0.393597 0.066205 0.081223
2 0.361574 0.389268 0.062816 0.080830
2 0.701059 0.429045 0.086660 0.077175
2 0.306962 0.354360 0.061086 0.074807
2 0.981915 0.964605 0.035823 0.068950
2 0.304756 0.294563 0.057954 0.055410
2 0.425207 0.372103 0.082676 0.101734
2 0.966029 0.484031 0.067920 0.064594
2 0.264829 0.388973 0.064510 0.078341
2 0.319529 0.154137 0.043948 0.044463
2 0.879453 0.475949 0.111567 0.069844
2 0.369514 0.329027 0.046112 0.062248
2 0.589018 0.402355 0.081155 0.076883
2 0.953944 0.398051 0.077392 0.063784
2 0.235642 0.337061 0.059031 0.080540
0 0.777083 0.419883 0.014879 0.067433
2 0.156927 0.186765 0.042395 0.052922
2 0.193305 0.210340 0.038079 0.050827
2 0.098292 0.232364 0.040618 0.064581
0 0.568139 0.477451 0.017894 0.078372
2 0.035311 0.393646 0.070622 0.053756
2 0.141346 0.403888 0.059338 0.085110
2 0.175428 0.239959 0.044420 0.055574
2 0.158390 0.332065 0.064696 0.084720
0 0.889661 0.327767 0.011224 0.050672
0 0.943531 0.315681 0.012621 0.056522
0 0.957685 0.421262 0.020261 0.070733
0 0.343374 0.503575 0.018285 0.086393
2 0.105125 0.170553 0.034841 0.066099
0 0.954182 0.313194 0.012885 0.060506
2 0.990642 0.532156 0.018499 0.062366
0 0.824897 0.431529 0.016788 0.066193
0 0.579555 0.203267 0.008812 0.052442
0 0.937410 0.307082 0.010229 0.061826
2 0.850237 0.974024 0.147253 0.050699
0 0.835056 0.429805 0.013748 0.059569
0 0.505555 0.179527 0.007517 0.045368
0 0.536164 0.186088 0.009335 0.044800
0 0.511393 0.179126 0.007285 0.042843
2 0.248449 0.303854 0.056418 0.063049
0 0.622296 0.214855 0.008636 0.046717
0 0.552070 0.191503 0.008431 0.046169
0 0.601575 0.191495 0.007231 0.025642
2 0.015690 0.357987 0.031303 0.039285
0 0.564530 0.199573 0.006881 0.041306
0 0.573347 0.198725 0.006800 0.042419
0 0.493833 0.170887 0.008191 0.046601
0 0.527547 0.190539 0.010328 0.039945
0 0.521805 0.180774 0.006404 0.037986
2 0.243734 0.250737 0.068282 0.081994
0 0.546456 0.191240 0.007170 0.043671
2 0.181155 0.304362 0.036014 0.049054
2 0.215211 0.271501 0.069536 0.061265
2 0.139602 0.266308 0.045319 0.053678
2 0.157869 0.067330 0.016769 0.027075
2 0.196719 0.271376 0.032774 0.059642
2 0.054731 0.115565 0.013096 0.024969
2 0.243514 0.235249 0.067940 0.050735
6 0.138844 0.462904 0.012841 0.039950
6 0.603130 0.358748 0.013644 0.054218
