2 0.913167 0.905635 0.173388 0.183158
2 0.751121 0.701283 0.129390 0.157096
2 0.310831 0.353847 0.061220 0.074727
4 0.409091 0.142499 0.137808 0.110452
2 0.923630 0.445043 0.068430 0.079269
4 0.533513 0.188839 0.114247 0.117813
2 0.365180 0.388752 0.062722 0.080521
2 0.268590 0.388395 0.064202 0.077491
2 0.048657 0.439489 0.097144 0.094388
2 0.157567 0.231673 0.044951 0.055950
2 0.073726 0.149568 0.039478 0.042785
2 0.428482 0.371042 0.082183 0.101263
2 0.322924 0.153036 0.043739 0.044203
2 0.294935 0.185032 0.042382 0.048431
2 0.452829 0.216914 0.052527 0.043580
2 0.242992 0.140698 0.037265 0.036820
2 0.239576 0.340646 0.058655 0.088416
0 0.862798 0.406929 0.021466 0.070625
0 0.873651 0.303144 0.010881 0.055164
0 0.285506 0.514860 0.023816 0.079633
0 0.407052 0.487054 0.022131 0.081936
2 0.133044 0.164423 0.032946 0.045480
0 0.972725 0.415650 0.011205 0.060873
2 0.037103 0.394909 0.073957 0.055170
0 0.950278 0.311725 0.010432 0.058802
0 0.887658 0.300065 0.010345 0.057725
0 0.985887 0.409576 0.010985 0.048675
0 0.959430 0.309774 0.010559 0.060963
2 0.253761 0.304078 0.052841 0.062600
2 0.175931 0.297874 0.052963 0.060408
0 0.657507 0.446753 0.019678 0.080803
0 0.943116 0.302611 0.011089 0.061533
0 0.340862 0.524664 0.015180 0.081592
0 0.617449 0.216538 0.008620 0.048193
2 0.123140 0.307504 0.052377 0.063525
2 0.018685 0.362347 0.037122 0.047042
0 0.630130 0.222497 0.008241 0.044460
0 0.331081 0.518112 0.013601 0.086480
2 0.161765 0.067883 0.017241 0.027206
0 0.605275 0.189141 0.006191 0.024983
0 0.624730 0.217519 0.007884 0.052195
6 0.607544 0.354468 0.014446 0.054218
6 0.143660 0.467184 0.016051 0.048511
