2 0.224783 0.404034 0.061124 0.084608
2 0.168987 0.361500 0.055525 0.078116
2 0.734265 0.405229 0.074140 0.071837
2 0.290262 0.394240 0.083009 0.107681
2 0.808177 0.465590 0.088278 0.081416
2 0.335816 0.377063 0.063101 0.075948
4 0.390817 0.137268 0.103104 0.095159
2 0.954578 0.556385 0.090776 0.091496
2 0.045667 0.439272 0.091170 0.096595
2 0.282020 0.324197 0.056919 0.057788
2 0.141035 0.116976 0.031644 0.036458
2 0.165035 0.291683 0.045749 0.062289
2 0.424296 0.261453 0.059479 0.059444
2 0.591481 0.327938 0.071559 0.060175
0 0.183766 0.698546 0.023549 0.099489
2 0.323656 0.200554 0.046929 0.045422
0 0.032767 0.578909 0.023976 0.098721
0 0.156728 0.701768 0.021206 0.106514
2 0.091976 0.071985 0.030670 0.034548
0 0.226548 0.560321 0.015708 0.083091
0 0.229112 0.644064 0.022243 0.097058
0 0.250468 0.639872 0.018302 0.102131
0 0.210859 0.686958 0.022357 0.106267
2 0.319571 0.152281 0.045226 0.049257
2 0.034680 0.394400 0.069021 0.053968
0 0.934142 0.306651 0.013533 0.063372
0 0.916757 0.306423 0.008753 0.057263
0 0.005768 0.620602 0.011536 0.098448
0 0.942621 0.402643 0.011068 0.068959
0 0.565626 0.198392 0.007147 0.043366
2 0.237502 0.152216 0.039528 0.028206
5 0.225372 0.314559 0.078749 0.126444
0 0.498478 0.217228 0.007823 0.045239
0 0.521010 0.180449 0.008511 0.042616
0 0.951738 0.314163 0.012409 0.058901
2 0.015309 0.359986 0.030534 0.043143
6 0.139178 0.464495 0.012467 0.040309
0 0.946346 0.361045 0.013911 0.048399
0 0.600324 0.200392 0.007794 0.044481
0 0.949232 0.417182 0.012530 0.063136
0 0.245881 0.095414 0.007260 0.037584
0 0.111263 0.539868 0.015338 0.084960
0 0.457689 0.164054 0.009901 0.041237
0 0.958927 0.417196 0.012987 0.071545
0 0.847968 0.307202 0.005887 0.046065
6 0.602706 0.358403 0.013095 0.057221
0 0.225774 0.074052 0.006655 0.031819
0 0.489103 0.169367 0.007626 0.041669
0 0.571761 0.204114 0.009950 0.050765
2 0.992646 0.371014 0.014640 0.045280
0 0.946064 0.312456 0.010683 0.057169
2 0.990338 0.889379 0.019324 0.153401
0 0.715686 0.254466 0.007381 0.040554
0 0.464205 0.174839 0.007344 0.039769
0 0.501268 0.177530 0.006387 0.027897
0 0.444498 0.152405 0.007851 0.039661
0 0.210255 0.090433 0.005091 0.028642
4 0.256793 0.225276 0.120021 0.152333
0 0.538684 0.182617 0.006856 0.044336
0 0.551248 0.189078 0.007773 0.048458
4 0.379886 0.313566 0.147374 0.189355
0 0.343712 0.160810 0.008166 0.041478
0 0.331916 0.160233 0.007648 0.043552
