2 0.512977 0.448005 0.067286 0.095010
2 0.468059 0.292394 0.070134 0.063709
2 0.334245 0.367907 0.064575 0.074971
2 0.631977 0.522768 0.114842 0.101319
4 0.322655 0.108347 0.097593 0.087132
2 0.045637 0.439246 0.091218 0.096408
2 0.368784 0.194758 0.052513 0.049171
2 0.445532 0.246526 0.061912 0.052107
2 0.114187 0.155839 0.044151 0.052557
2 0.310168 0.191992 0.048652 0.049191
4 0.461923 0.161622 0.109848 0.106305
2 0.142196 0.209823 0.046387 0.059830
2 0.429092 0.207430 0.049604 0.043403
2 0.089695 0.223502 0.040859 0.055794
2 0.177477 0.129219 0.031608 0.035129
2 0.094057 0.083731 0.030584 0.031819
0 0.117138 0.661505 0.025770 0.099881
2 0.318895 0.154188 0.044059 0.043056
0 0.190678 0.516987 0.017978 0.092247
0 0.031533 0.538926 0.020951 0.095906
0 0.009234 0.546300 0.018468 0.098033
0 0.828839 0.403279 0.012695 0.070367
2 0.034840 0.394100 0.069352 0.053496
0 0.871294 0.394117 0.009879 0.061842
2 0.930017 0.398139 0.075321 0.078878
0 0.913821 0.305174 0.009839 0.059164
0 0.946356 0.312104 0.013428 0.060936
0 0.960305 0.430497 0.012779 0.068126
0 0.864873 0.312034 0.013661 0.057241
0 0.884214 0.299755 0.009707 0.055323
0 0.147416 0.561689 0.011316 0.088274
0 0.932763 0.305740 0.016830 0.061969
2 0.015217 0.359996 0.030350 0.043319
4 0.893876 0.645597 0.210136 0.286098
6 0.603338 0.358817 0.013684 0.055503
0 0.564268 0.199292 0.011689 0.044389
0 0.575553 0.193944 0.006109 0.037045
6 0.139398 0.464509 0.012289 0.040963
0 0.876729 0.310437 0.009030 0.052164
0 0.249996 0.096736 0.006526 0.038293
4 0.182316 0.338392 0.160864 0.216923
0 0.969222 0.404200 0.009598 0.068884
0 0.976458 0.408661 0.010871 0.060496
0 0.949726 0.418519 0.012324 0.064127
0 0.603397 0.192243 0.007027 0.027354
0 0.532425 0.181244 0.007956 0.042164
2 0.075091 0.054249 0.024869 0.027033
0 0.731849 0.276401 0.006280 0.035189
0 0.538190 0.182859 0.006950 0.041638
0 0.548827 0.187965 0.008014 0.049402
0 0.569704 0.203732 0.008542 0.051048
2 0.992607 0.369849 0.014683 0.042799
2 0.782435 0.563233 0.032954 0.058811
2 0.157319 0.067173 0.016610 0.026207
2 0.812600 0.480025 0.066613 0.111289
