2 0.227889 0.407033 0.061608 0.084665
2 0.168920 0.361507 0.055627 0.078297
2 0.338107 0.379378 0.066055 0.075940
2 0.291238 0.394732 0.083521 0.107851
2 0.728417 0.344641 0.081628 0.070704
2 0.502808 0.272741 0.058577 0.057232
2 0.165160 0.291509 0.045938 0.062603
2 0.282094 0.324718 0.057016 0.058894
4 0.388450 0.136079 0.103747 0.094912
2 0.045675 0.439205 0.091349 0.096658
2 0.311395 0.188404 0.047514 0.044501
2 0.803289 0.399541 0.097644 0.070681
2 0.202923 0.120767 0.034509 0.034816
2 0.177643 0.237434 0.054067 0.057663
2 0.123193 0.245122 0.049900 0.057978
2 0.299542 0.941383 0.207617 0.113218
2 0.090197 0.275085 0.036418 0.061360
2 0.099842 0.079121 0.025913 0.030107
0 0.398750 0.863672 0.024819 0.125282
0 0.263924 0.781480 0.019100 0.111808
0 0.075873 0.506453 0.015625 0.093229
0 0.398308 0.784444 0.024177 0.072591
2 0.034810 0.394576 0.069271 0.054516
4 0.389328 0.323901 0.159965 0.185776
0 0.301664 0.776032 0.022035 0.118998
0 0.505217 0.221517 0.010111 0.045586
0 0.942613 0.403921 0.014415 0.066008
0 0.934519 0.307871 0.015138 0.062820
0 0.564317 0.198582 0.011693 0.043988
5 0.225866 0.316216 0.078940 0.124406
0 0.917724 0.306117 0.010137 0.058107
0 0.282504 0.777289 0.017949 0.107679
0 0.962391 0.418554 0.011861 0.070169
0 0.950759 0.415509 0.011996 0.062685
0 0.521098 0.180168 0.008950 0.043123
0 0.952526 0.313463 0.011094 0.059890
2 0.015482 0.360376 0.030918 0.042941
0 0.802832 0.290102 0.008825 0.051459
0 0.247038 0.094990 0.006863 0.036480
0 0.476189 0.162621 0.006608 0.038936
0 0.345172 0.160340 0.006554 0.036695
7 0.139166 0.464872 0.012609 0.040407
0 0.483969 0.169465 0.007728 0.041198
7 0.603139 0.359258 0.012771 0.054866
0 0.657939 0.231532 0.009104 0.051175
0 0.552293 0.189963 0.007260 0.046486
0 0.946843 0.311999 0.009604 0.057161
0 0.603506 0.191372 0.006979 0.025617
0 0.572178 0.202908 0.011284 0.052858
0 0.333900 0.157384 0.009307 0.042027
0 0.651729 0.222430 0.008182 0.049666
0 0.538629 0.183581 0.006860 0.041638
0 0.452721 0.169886 0.006454 0.040167
4 0.259108 0.216390 0.121427 0.123693
0 0.496049 0.171428 0.009343 0.031992
2 0.992719 0.370473 0.014481 0.044363
0 0.573840 0.171476 0.008566 0.026978
0 0.210503 0.089035 0.005703 0.033413
