2 0.881221 0.800331 0.151689 0.161881
2 0.726238 0.589549 0.118355 0.122229
2 0.717728 0.654785 0.132266 0.145171
2 0.954102 0.401068 0.075285 0.070583
2 0.568124 0.635995 0.111861 0.122174
2 0.333350 0.367803 0.067643 0.074479
2 0.612081 0.780281 0.111112 0.201847
2 0.755533 0.797527 0.144959 0.156200
2 0.045653 0.439884 0.090843 0.095919
2 0.848452 0.576371 0.136290 0.093883
2 0.239318 0.358523 0.063203 0.074727
2 0.307276 0.416388 0.079634 0.087936
2 0.587966 0.571552 0.102573 0.107003
2 0.407039 0.498358 0.091540 0.119987
2 0.957952 0.953936 0.083832 0.089157
2 0.188734 0.317215 0.055440 0.067444
2 0.983612 0.751843 0.032399 0.104830
2 0.368085 0.341619 0.069665 0.078053
2 0.512148 0.500868 0.092215 0.101533
2 0.276405 0.323063 0.059901 0.069620
2 0.778527 0.532722 0.094221 0.088276
2 0.969532 0.578434 0.060592 0.080759
2 0.880803 0.451488 0.097775 0.077728
2 0.717635 0.355856 0.062121 0.063604
0 0.139657 0.640382 0.022523 0.108837
2 0.490808 0.423899 0.084371 0.080295
2 0.373622 0.202570 0.051977 0.047549
2 0.145842 0.122445 0.034215 0.035254
0 0.164522 0.669589 0.021045 0.108263
2 0.568808 0.345835 0.071365 0.071847
2 0.190871 0.109781 0.034439 0.039044
2 0.034239 0.392055 0.068056 0.050973
0 0.482160 0.969803 0.025166 0.060393
0 0.154964 0.537204 0.016177 0.094765
0 0.409467 0.972043 0.039692 0.055914
0 0.581719 0.204154 0.011681 0.052329
0 0.941914 0.313750 0.016653 0.059021
2 0.423017 0.408879 0.067215 0.113304
0 0.969943 0.352241 0.011130 0.042736
0 0.472308 0.165965 0.007487 0.036917
0 0.959338 0.314558 0.011460 0.061089
0 0.619664 0.214956 0.009841 0.047013
0 0.936421 0.309072 0.010099 0.062553
0 0.526248 0.179765 0.007025 0.043840
0 0.511859 0.178621 0.007211 0.042271
0 0.571493 0.198876 0.007161 0.042588
0 0.601254 0.192194 0.006946 0.026268
0 0.950852 0.313928 0.012577 0.058374
0 0.562980 0.198988 0.007025 0.042063
0 0.538477 0.183706 0.006699 0.042382
2 0.015532 0.357970 0.030872 0.039499
2 0.095789 0.068488 0.028833 0.030184
2 0.324666 0.153379 0.032236 0.043102
0 0.496139 0.165574 0.009438 0.045471
5 0.296763 0.162489 0.036886 0.059713
0 0.390337 0.133237 0.007909 0.036826
0 0.462999 0.155284 0.007372 0.033584
0 0.430892 0.150026 0.007537 0.042660
0 0.567195 0.196981 0.005611 0.041416
2 0.992294 0.368387 0.015084 0.039030
0 0.437459 0.150731 0.007826 0.045434
2 0.002978 0.540361 0.005922 0.020099
2 0.189489 0.067141 0.032289 0.035879
0 0.550818 0.191115 0.008227 0.044561
0 0.422667 0.145098 0.011240 0.033048
2 0.318208 0.150216 0.045679 0.049630
0 0.116286 0.494985 0.007770 0.028877
2 0.156977 0.066561 0.016545 0.026746
7 0.138042 0.465044 0.012841 0.035670
7 0.603130 0.358035 0.013644 0.052791
