2 0.455916 0.401223 0.084139 0.102665
2 0.937432 0.397018 0.089167 0.078277
2 0.410813 0.432833 0.074128 0.086000
2 0.360185 0.340061 0.068476 0.070543
2 0.045667 0.439033 0.091274 0.096631
2 0.466076 0.226878 0.058998 0.050540
2 0.397296 0.220636 0.051441 0.048393
2 0.276750 0.184268 0.038832 0.044038
2 0.318973 0.154316 0.043738 0.043946
2 0.289978 0.321547 0.068868 0.068944
2 0.251981 0.148738 0.038738 0.037111
2 0.195224 0.113123 0.034411 0.038237
2 0.113145 0.108369 0.034399 0.035150
2 0.172263 0.246533 0.072371 0.046739
2 0.119183 0.085542 0.027211 0.036007
2 0.195629 0.218419 0.050325 0.051326
0 0.256940 0.801270 0.022901 0.112984
2 0.300843 0.293841 0.056670 0.054368
0 0.307811 0.806781 0.031681 0.125541
2 0.152356 0.279916 0.051192 0.063284
0 0.098521 0.603434 0.020690 0.103690
2 0.244238 0.241106 0.048879 0.042944
0 0.390656 0.861769 0.028288 0.122695
0 0.223831 0.672302 0.019975 0.111219
0 0.062575 0.590467 0.019252 0.095882
0 0.591669 0.202800 0.009884 0.049483
0 0.046793 0.596838 0.020927 0.097117
2 0.035010 0.394224 0.069683 0.054162
0 0.129381 0.647465 0.019125 0.097555
0 0.564153 0.199333 0.011318 0.043096
0 0.477652 0.164737 0.008113 0.041152
0 0.532889 0.223399 0.013417 0.050479
0 0.162966 0.665698 0.018751 0.100968
0 0.845987 0.314507 0.008214 0.044862
0 0.240258 0.657832 0.014187 0.099333
2 0.080225 0.049743 0.022873 0.021703
0 0.510258 0.220851 0.008181 0.052375
0 0.329823 0.850707 0.022419 0.121237
0 0.147512 0.657303 0.020866 0.125525
2 0.015295 0.360002 0.030533 0.043404
0 0.601783 0.191900 0.006638 0.026568
0 0.458776 0.157667 0.007636 0.041646
0 0.445841 0.152947 0.008251 0.040862
0 0.363981 0.740866 0.015329 0.066618
2 0.226405 0.290576 0.052970 0.034008
0 0.357834 0.786417 0.027200 0.124640
2 0.131522 0.075732 0.010729 0.020875
0 0.575968 0.193888 0.005627 0.037353
4 0.278877 0.410114 0.182032 0.261512
0 0.432586 0.149213 0.009970 0.041544
7 0.139129 0.464742 0.012621 0.040162
0 0.337629 0.802378 0.025996 0.122678
7 0.602980 0.358791 0.012878 0.054969
0 0.571970 0.204153 0.007398 0.048982
0 0.486376 0.161885 0.008618 0.042539
0 0.503659 0.220231 0.009870 0.047343
0 0.452827 0.153737 0.005223 0.038440
0 0.538092 0.183953 0.007522 0.043652
2 0.988056 0.370738 0.023889 0.045786
0 0.250971 0.094753 0.010214 0.038226
