2 0.887784 0.903034 0.182167 0.177686
2 0.872386 0.760089 0.155926 0.177783
2 0.686185 0.738405 0.141852 0.173188
2 0.212792 0.395851 0.065104 0.084602
4 0.462782 0.162128 0.113878 0.109086
2 0.146718 0.414369 0.064883 0.083290
2 0.240494 0.345963 0.062764 0.079861
2 0.328126 0.366789 0.073212 0.076869
2 0.045611 0.439813 0.090814 0.095867
2 0.976683 0.569253 0.046282 0.067124
2 0.523134 0.603590 0.118092 0.127234
2 0.308919 0.423976 0.073916 0.085338
2 0.407443 0.364874 0.072241 0.088164
2 0.973066 0.888756 0.053576 0.116070
2 0.442608 0.526850 0.089001 0.105038
2 0.255573 0.308418 0.055504 0.067352
2 0.815827 0.516114 0.119397 0.085765
2 0.936440 0.483951 0.100683 0.081315
2 0.141374 0.216504 0.042750 0.052478
2 0.853188 0.489169 0.114365 0.087978
2 0.187556 0.307087 0.054209 0.057140
2 0.163733 0.340528 0.052386 0.071794
4 0.356242 0.122841 0.124745 0.102190
2 0.444384 0.217166 0.049956 0.045100
2 0.316769 0.303303 0.059887 0.071009
0 0.598604 0.459380 0.014095 0.080573
0 0.524574 0.458891 0.012935 0.083904
2 0.382870 0.186873 0.038407 0.040974
2 0.319192 0.153262 0.044740 0.045919
0 0.783512 0.430125 0.016025 0.075264
0 0.941853 0.316526 0.015328 0.056520
2 0.034682 0.392270 0.069032 0.050978
2 0.080672 0.089113 0.027468 0.032690
0 0.971310 0.407500 0.013590 0.068907
0 0.579057 0.203880 0.009089 0.051257
0 0.956724 0.314380 0.010816 0.060750
0 0.978620 0.408647 0.013597 0.057924
0 0.568351 0.198645 0.007882 0.042787
2 0.189995 0.262382 0.042993 0.051019
0 0.647011 0.454638 0.011677 0.074431
5 0.078673 0.186661 0.044994 0.095049
0 0.540462 0.192895 0.008718 0.043914
0 0.523783 0.179961 0.008415 0.042070
5 0.111688 0.280302 0.039262 0.094901
2 0.106484 0.178689 0.014892 0.046677
2 0.015356 0.358061 0.030618 0.039589
0 0.950185 0.312671 0.009960 0.058087
0 0.597383 0.212495 0.007201 0.052541
0 0.602821 0.205960 0.009826 0.055475
0 0.552748 0.190223 0.008251 0.048007
0 0.547385 0.185822 0.007276 0.049607
0 0.661208 0.425933 0.013976 0.047305
0 0.662149 0.463443 0.017470 0.066896
0 0.330655 0.158756 0.007885 0.037638
6 0.138844 0.463617 0.012841 0.044230
6 0.603531 0.358035 0.014446 0.058498
