2 0.871907 0.901272 0.166423 0.186169
2 0.245226 0.421627 0.075344 0.096490
2 0.972762 0.887336 0.054130 0.127735
2 0.531786 0.461679 0.094150 0.108945
2 0.568180 0.645686 0.113973 0.119857
2 0.045595 0.439825 0.090711 0.095868
2 0.409881 0.382675 0.069580 0.078795
2 0.641034 0.340807 0.074402 0.063358
2 0.488643 0.499509 0.087476 0.097702
2 0.433928 0.606249 0.101730 0.121554
2 0.971927 0.530970 0.055764 0.074896
5 0.192043 0.288540 0.103732 0.153295
2 0.360950 0.390913 0.069079 0.080781
2 0.402649 0.489122 0.084329 0.108782
2 0.300535 0.221433 0.050765 0.050420
2 0.583038 0.757603 0.114265 0.154930
2 0.656803 0.621773 0.110024 0.124740
5 0.321766 0.465665 0.073191 0.142278
2 0.306680 0.395313 0.067965 0.061401
2 0.071467 0.171929 0.041052 0.043938
2 0.736430 0.439015 0.096113 0.089473
2 0.409172 0.199961 0.047684 0.043096
0 0.354032 0.927123 0.023745 0.137232
2 0.318940 0.202273 0.045408 0.046083
0 0.274989 0.776494 0.029467 0.123047
2 0.063975 0.122311 0.032940 0.037499
0 0.298050 0.866731 0.021806 0.133187
2 0.221457 0.125667 0.035802 0.038836
2 0.319162 0.151770 0.044743 0.050074
2 0.257861 0.304577 0.032642 0.063209
2 0.034649 0.392421 0.068960 0.050825
0 0.973447 0.411095 0.012640 0.055508
0 0.005459 0.535413 0.010907 0.087488
0 0.450771 0.886901 0.032788 0.126878
4 0.167490 0.166704 0.128427 0.126870
2 0.133105 0.331422 0.048758 0.072324
0 0.390640 0.919072 0.019661 0.127037
0 0.945410 0.406559 0.013215 0.065385
0 0.960852 0.410431 0.013018 0.073293
0 0.916529 0.305748 0.011036 0.059647
0 0.757139 0.280332 0.013054 0.046527
0 0.596295 0.273353 0.011432 0.056517
0 0.581112 0.203676 0.010718 0.052170
0 0.776476 0.284875 0.010268 0.050019
0 0.948329 0.365432 0.013009 0.054440
0 0.568472 0.198893 0.009879 0.041416
0 0.957207 0.313520 0.010105 0.061457
2 0.309158 0.292500 0.067814 0.083676
0 0.936826 0.307247 0.014983 0.062381
2 0.126042 0.250975 0.039601 0.047463
0 0.505316 0.183305 0.007319 0.040989
2 0.118480 0.085296 0.035550 0.036802
0 0.513629 0.177807 0.006909 0.042130
0 0.142003 0.647061 0.027359 0.099207
4 0.155856 0.064927 0.057262 0.065642
0 0.971974 0.359450 0.016024 0.058628
0 0.948888 0.312404 0.010891 0.056979
2 0.015419 0.358288 0.030678 0.039729
0 0.486613 0.164835 0.006412 0.036820
7 0.138844 0.465757 0.012841 0.037096
7 0.604334 0.360888 0.014446 0.052791
0 0.344363 0.159898 0.006066 0.049774
