2 0.887809 0.903068 0.182171 0.177729
2 0.706671 0.755772 0.147347 0.179947
2 0.872360 0.759737 0.156109 0.178145
2 0.308917 0.422485 0.073902 0.082577
2 0.212806 0.395172 0.065155 0.083203
4 0.462569 0.161966 0.114036 0.109132
2 0.955185 0.560181 0.089397 0.093213
2 0.258944 0.311052 0.055139 0.067223
2 0.328127 0.366657 0.072876 0.077405
2 0.045618 0.439741 0.090826 0.095449
2 0.667989 0.678670 0.157855 0.110312
2 0.240546 0.345813 0.062684 0.079553
2 0.407467 0.364801 0.072435 0.087904
2 0.146732 0.414548 0.064837 0.083615
2 0.523125 0.604258 0.118095 0.125815
2 0.769560 0.456483 0.102997 0.084031
2 0.442548 0.527983 0.088802 0.107161
4 0.354821 0.121402 0.122468 0.099257
2 0.973097 0.888567 0.053523 0.115826
2 0.922223 0.479110 0.110824 0.079937
2 0.873766 0.568632 0.106436 0.100993
2 0.620585 0.415402 0.083239 0.070707
2 0.163707 0.340524 0.052462 0.071608
0 0.495556 0.474476 0.022519 0.074835
2 0.187770 0.306662 0.054955 0.058580
2 0.444442 0.217067 0.049846 0.044971
0 0.944845 0.400949 0.018310 0.068164
0 0.835723 0.423905 0.018636 0.070934
2 0.176024 0.239957 0.032203 0.056195
2 0.034755 0.392428 0.069198 0.050777
5 0.118735 0.214516 0.087003 0.123023
0 0.963005 0.411274 0.015703 0.071894
0 0.302448 0.478313 0.017109 0.086184
2 0.382787 0.186790 0.038273 0.040996
2 0.325859 0.319250 0.061017 0.061662
2 0.319107 0.152869 0.044560 0.047221
0 0.943822 0.315602 0.016836 0.057733
0 0.462049 0.464143 0.011655 0.061570
0 0.883277 0.314682 0.011916 0.052286
0 0.613081 0.214451 0.009561 0.045657
0 0.972374 0.410343 0.010570 0.056924
0 0.578946 0.203496 0.009302 0.051906
0 0.935961 0.307714 0.011391 0.063142
0 0.816284 0.408427 0.014431 0.064226
0 0.776772 0.241536 0.010819 0.036582
0 0.569505 0.199219 0.007139 0.042571
0 0.564028 0.202513 0.007036 0.041301
0 0.956379 0.313752 0.011450 0.060606
2 0.015435 0.358134 0.030694 0.039641
0 0.331112 0.159017 0.008036 0.045626
0 0.598028 0.210331 0.009706 0.055083
0 0.553904 0.190717 0.008011 0.048647
0 0.546838 0.191678 0.009181 0.043526
0 0.538646 0.184397 0.007561 0.047207
0 0.526765 0.184157 0.009001 0.045127
6 0.138844 0.463617 0.012841 0.038523
6 0.603130 0.356608 0.012039 0.055645
