2 0.891483 0.910529 0.169784 0.175696
2 0.253319 0.428646 0.076065 0.098390
5 0.196397 0.287568 0.104072 0.165064
2 0.314238 0.302125 0.068435 0.071588
2 0.045645 0.439638 0.090778 0.095407
2 0.950425 0.515533 0.098927 0.088330
2 0.418948 0.388821 0.069695 0.080107
2 0.612458 0.327200 0.071238 0.061960
2 0.983600 0.900597 0.032461 0.119197
2 0.676615 0.638165 0.113545 0.125448
2 0.544057 0.468545 0.095613 0.109309
5 0.331468 0.474897 0.074331 0.143511
2 0.582184 0.657801 0.116289 0.120329
2 0.374176 0.401288 0.070620 0.081700
2 0.414898 0.499387 0.086105 0.112598
2 0.503466 0.512080 0.091422 0.100129
2 0.704979 0.421524 0.092478 0.083375
2 0.447234 0.618324 0.103901 0.124906
0 0.349628 0.917698 0.023486 0.135535
2 0.264522 0.309774 0.037182 0.066928
2 0.597543 0.770789 0.116796 0.157797
2 0.409199 0.200020 0.047473 0.042726
0 0.008351 0.538797 0.016702 0.089618
4 0.173817 0.170233 0.129539 0.137477
0 0.292596 0.863405 0.023631 0.135304
2 0.284203 0.212084 0.048770 0.048099
2 0.136575 0.338784 0.055445 0.074135
2 0.316551 0.402761 0.068835 0.060620
0 0.445909 0.884274 0.033578 0.130627
2 0.307609 0.195847 0.043551 0.044901
2 0.069455 0.125360 0.033707 0.038089
2 0.081004 0.176031 0.034601 0.044415
2 0.319057 0.151432 0.044810 0.049299
2 0.034515 0.392243 0.068668 0.050655
2 0.215875 0.122525 0.035230 0.038856
0 0.266539 0.765532 0.019041 0.122012
0 0.973446 0.411152 0.012916 0.055402
0 0.916262 0.305780 0.010495 0.059127
2 0.112543 0.083955 0.034455 0.037283
0 0.973247 0.360771 0.016089 0.058617
0 0.581299 0.203764 0.010660 0.051938
0 0.384639 0.915491 0.024622 0.127119
0 0.936920 0.308138 0.014889 0.066090
0 0.947707 0.368410 0.013344 0.059306
0 0.772897 0.285096 0.011746 0.049496
0 0.568550 0.199030 0.009960 0.041392
0 0.947138 0.408274 0.016289 0.058951
0 0.597309 0.274082 0.012315 0.054070
0 0.947607 0.313283 0.013874 0.057155
0 0.505357 0.183660 0.007276 0.039970
0 0.759998 0.281570 0.010598 0.044244
0 0.955956 0.313507 0.011848 0.061553
0 0.513736 0.177736 0.006990 0.042455
4 0.152424 0.065504 0.050874 0.055617
0 0.752199 0.280692 0.007602 0.039702
0 0.129087 0.633376 0.026525 0.097565
2 0.068962 0.079784 0.028577 0.031584
2 0.015339 0.358250 0.030597 0.039716
0 0.343670 0.159929 0.007507 0.041490
0 0.396146 0.136483 0.007191 0.038083
2 0.128874 0.251035 0.041831 0.047206
0 0.599140 0.208056 0.011668 0.056022
0 0.486562 0.164846 0.006333 0.036515
0 0.960599 0.408991 0.012349 0.074164
0 0.552556 0.191002 0.006782 0.045775
0 0.463240 0.156750 0.008550 0.034907
0 0.444562 0.152673 0.007316 0.040535
0 0.526274 0.182329 0.007360 0.043854
2 0.042526 0.140262 0.013976 0.030812
0 0.542675 0.192284 0.012443 0.050603
0 0.529999 0.195464 0.007622 0.029864
0 0.432106 0.147230 0.007777 0.044243
0 0.451937 0.157461 0.008866 0.042031
0 0.212996 0.086149 0.009706 0.033514
7 0.140048 0.467897 0.015249 0.041377
7 0.603531 0.363028 0.014446 0.059925
