2 0.915317 0.839582 0.160190 0.190712
2 0.955010 0.401234 0.076937 0.070432
2 0.207755 0.393008 0.065831 0.081897
2 0.956222 0.517359 0.087292 0.086148
2 0.974326 0.957489 0.050975 0.083986
2 0.898467 0.538652 0.119595 0.094616
2 0.046714 0.439224 0.093004 0.094196
2 0.362319 0.389194 0.063136 0.080858
4 0.308054 0.107332 0.133675 0.095698
4 0.458047 0.158291 0.107367 0.104449
2 0.307888 0.354116 0.060929 0.074515
2 0.174278 0.202711 0.044344 0.050451
2 0.317153 0.294913 0.048892 0.057447
2 0.265569 0.388795 0.064174 0.078116
2 0.129012 0.166125 0.039121 0.044829
2 0.978755 0.813162 0.042140 0.081838
2 0.425709 0.372141 0.082807 0.101448
2 0.035980 0.394155 0.071960 0.054810
2 0.321778 0.154235 0.041030 0.044143
2 0.289813 0.159296 0.045785 0.038110
0 0.883775 0.435737 0.016432 0.064293
0 0.900156 0.436263 0.016329 0.069150
2 0.122473 0.378513 0.059186 0.079293
0 0.473911 0.488501 0.014173 0.078308
0 0.704844 0.429974 0.013892 0.076384
0 0.609177 0.458183 0.022179 0.076551
0 0.811402 0.433487 0.017272 0.068201
2 0.249294 0.252387 0.054269 0.058568
0 0.528870 0.494773 0.024198 0.076525
0 0.955203 0.312521 0.012421 0.061939
2 0.236807 0.337593 0.059150 0.080876
0 0.946106 0.315860 0.010296 0.057849
0 0.520038 0.487638 0.011746 0.077546
0 0.937418 0.305743 0.012879 0.064413
0 0.800741 0.426575 0.016856 0.066298
0 0.580150 0.202786 0.008809 0.053276
0 0.536939 0.185807 0.009806 0.044534
2 0.249694 0.302888 0.055095 0.063909
0 0.615651 0.217448 0.007555 0.046908
0 0.568391 0.200352 0.006294 0.041569
0 0.847384 0.277215 0.011495 0.048909
0 0.605424 0.217665 0.010561 0.049611
2 0.016470 0.359052 0.032851 0.041441
0 0.629002 0.224582 0.007711 0.044835
2 0.173658 0.297865 0.052936 0.060722
0 0.692659 0.247823 0.011091 0.048865
0 0.573847 0.199646 0.007394 0.043332
0 0.550665 0.190853 0.012450 0.045870
0 0.513427 0.181727 0.006299 0.041805
2 0.158570 0.066894 0.016792 0.025732
0 0.602543 0.195045 0.007124 0.032210
2 0.198294 0.271758 0.033879 0.060587
0 0.393882 0.134125 0.006905 0.039727
2 0.126675 0.303419 0.058450 0.081999
0 0.399199 0.136886 0.007022 0.041291
0 0.387869 0.132674 0.006332 0.039473
2 0.190983 0.065808 0.031580 0.030928
0 0.523846 0.181668 0.008129 0.039678
0 0.521954 0.181467 0.005477 0.038310
6 0.141252 0.465757 0.012841 0.042804
6 0.604735 0.357321 0.013644 0.057072
