2 0.495072 0.323220 0.075021 0.070233
2 0.336841 0.385828 0.070842 0.079831
2 0.419811 0.377714 0.069851 0.076385
2 0.214760 0.396306 0.066934 0.082234
2 0.920518 0.691974 0.153717 0.132544
2 0.611576 0.518024 0.101908 0.082721
2 0.271832 0.387658 0.055998 0.079914
2 0.163694 0.281189 0.056126 0.077924
2 0.846922 0.742468 0.148579 0.144282
2 0.622235 0.671524 0.121568 0.131996
2 0.045670 0.439132 0.091339 0.096344
2 0.740641 0.598369 0.123092 0.114382
2 0.285955 0.183269 0.045749 0.048882
2 0.219311 0.335352 0.057839 0.067373
2 0.652995 0.608852 0.128024 0.129414
2 0.531957 0.462529 0.085149 0.088190
2 0.923480 0.899657 0.153040 0.184682
2 0.455774 0.255500 0.047657 0.051202
2 0.937453 0.396789 0.089906 0.076906
2 0.517077 0.593539 0.103907 0.116972
2 0.312903 0.151790 0.044180 0.043430
2 0.207004 0.132428 0.036720 0.035254
2 0.362624 0.216525 0.053609 0.048196
4 0.498009 0.178782 0.115593 0.114102
4 0.388922 0.136686 0.121582 0.108098
2 0.150994 0.089015 0.026276 0.040095
2 0.530501 0.535145 0.105861 0.106590
0 0.247418 0.784490 0.022273 0.116960
2 0.111099 0.247095 0.037235 0.053142
2 0.034755 0.394337 0.069196 0.054116
0 0.910586 0.334469 0.012228 0.055987
0 0.603903 0.203064 0.008660 0.044877
0 0.634469 0.224804 0.011742 0.045083
0 0.944659 0.415118 0.013192 0.068759
6 0.603614 0.358524 0.013499 0.055421
2 0.015272 0.360258 0.030478 0.043255
0 0.582597 0.201184 0.008580 0.044781
2 0.935398 0.976159 0.129204 0.046949
0 0.571528 0.202051 0.009785 0.047467
0 0.953862 0.419265 0.011181 0.062122
0 0.557795 0.190766 0.006689 0.040396
2 0.097974 0.066094 0.024467 0.022819
6 0.139341 0.464468 0.012182 0.040162
0 0.682161 0.247888 0.009165 0.047317
0 0.250272 0.095157 0.009031 0.038991
