2 0.746692 0.599520 0.141501 0.155948
2 0.533564 0.708047 0.119667 0.141657
2 0.952985 0.401506 0.076854 0.070407
2 0.554351 0.470511 0.073793 0.092803
2 0.768872 0.810296 0.144872 0.160636
2 0.045735 0.439941 0.091098 0.095954
2 0.168639 0.294026 0.051911 0.063460
2 0.146940 0.689053 0.120270 0.143355
2 0.754252 0.490549 0.093665 0.099378
2 0.354065 0.517194 0.095298 0.134511
2 0.238934 0.355320 0.060297 0.071216
2 0.250066 0.305292 0.055831 0.063142
2 0.364297 0.330522 0.063538 0.071325
2 0.557716 0.547534 0.085632 0.110028
2 0.455062 0.530708 0.097123 0.130854
2 0.419492 0.437279 0.078807 0.079600
2 0.321839 0.355023 0.071842 0.087175
2 0.180601 0.242171 0.048836 0.052793
2 0.107711 0.239924 0.044472 0.066001
0 0.086510 0.504428 0.021530 0.089736
2 0.318899 0.153994 0.043906 0.044594
2 0.192760 0.210682 0.038359 0.052514
0 0.938288 0.312572 0.011826 0.061915
2 0.034658 0.392535 0.068917 0.051706
0 0.824668 0.304646 0.013057 0.050716
2 0.109582 0.190227 0.039521 0.046393
2 0.080898 0.168607 0.033660 0.045720
4 0.159778 0.065405 0.064560 0.064282
0 0.955250 0.313884 0.011739 0.061502
0 0.581719 0.203647 0.010426 0.052263
0 0.619450 0.215378 0.009238 0.047169
0 0.535515 0.185932 0.009064 0.044326
2 0.241158 0.239327 0.048151 0.047705
2 0.147329 0.200653 0.039290 0.065279
0 0.512001 0.179490 0.007367 0.040617
2 0.079124 0.209192 0.028717 0.051629
0 0.571553 0.198972 0.006906 0.042308
0 0.949732 0.312652 0.010416 0.056822
0 0.472139 0.166577 0.007358 0.038636
0 0.551399 0.191434 0.008870 0.045534
2 0.163444 0.188639 0.034390 0.049125
2 0.015406 0.357783 0.030748 0.039304
2 0.104052 0.148801 0.036076 0.038859
0 0.600804 0.191451 0.006579 0.025445
0 0.437182 0.150831 0.007076 0.043227
2 0.273954 0.273241 0.050764 0.058698
0 0.146778 0.547400 0.010575 0.067894
2 0.137330 0.166377 0.038253 0.038900
0 0.496164 0.164895 0.009221 0.045128
0 0.521086 0.180724 0.006517 0.037874
0 0.563133 0.198799 0.007528 0.042447
0 0.480316 0.159887 0.006239 0.035959
0 0.429888 0.149427 0.007425 0.042727
0 0.544761 0.191072 0.008211 0.042569
0 0.564718 0.198227 0.009922 0.043030
0 0.566699 0.197800 0.006213 0.041448
0 0.624552 0.225818 0.005020 0.030074
2 0.003131 0.539950 0.006229 0.020472
2 0.989560 0.370779 0.020669 0.041096
2 0.992553 0.369610 0.014641 0.039000
0 0.461996 0.150037 0.008136 0.043636
2 0.257871 0.258040 0.081849 0.088405
7 0.137640 0.461477 0.013644 0.042804
7 0.603130 0.358748 0.015249 0.054218
