2 0.846611 0.526766 0.093948 0.088469
2 0.417598 0.370915 0.079574 0.095191
2 0.334078 0.367855 0.064694 0.074537
2 0.937240 0.397120 0.089371 0.078264
2 0.875186 0.473469 0.085026 0.078116
2 0.273983 0.317048 0.066974 0.083801
2 0.045655 0.438228 0.091311 0.094477
2 0.343913 0.327148 0.066982 0.066784
2 0.318884 0.154501 0.043608 0.044324
2 0.937132 0.589507 0.124785 0.097826
2 0.935914 0.692726 0.106104 0.124602
0 0.260138 0.581065 0.019211 0.088881
2 0.240982 0.240108 0.049119 0.045057
0 0.881904 0.385481 0.019121 0.069454
0 0.241081 0.495904 0.020139 0.086730
0 0.531280 0.470110 0.020800 0.073774
0 0.345460 0.785573 0.025122 0.112968
0 0.446427 0.501989 0.019031 0.086845
0 0.011063 0.498182 0.019031 0.073918
0 0.560885 0.492779 0.021012 0.076166
0 0.477973 0.523678 0.019879 0.088405
2 0.299568 0.293017 0.054236 0.052383
0 0.396217 0.485795 0.017345 0.080967
2 0.035010 0.394352 0.069682 0.054252
2 0.168639 0.247559 0.079562 0.047463
0 0.954073 0.426352 0.018322 0.067811
0 0.818300 0.300060 0.012629 0.057309
0 0.479429 0.164728 0.008278 0.041563
2 0.977233 0.807379 0.045534 0.180174
0 0.549891 0.478751 0.016481 0.080134
0 0.611694 0.219382 0.009309 0.051238
0 0.590259 0.207508 0.011564 0.053091
0 0.407340 0.491763 0.013302 0.076975
2 0.015306 0.359862 0.030520 0.042926
6 0.603323 0.358665 0.013837 0.055622
0 0.342963 0.495586 0.014341 0.080713
0 0.445018 0.153119 0.007708 0.040687
0 0.776401 0.290578 0.007767 0.039626
2 0.966804 0.552310 0.066392 0.083308
0 0.183594 0.073549 0.005834 0.031320
0 0.478890 0.472069 0.013411 0.042145
2 0.285248 0.372663 0.022930 0.071571
4 0.205654 0.339725 0.139525 0.241486
6 0.139290 0.464576 0.012393 0.040856
0 0.564665 0.199115 0.011841 0.043958
0 0.432719 0.149130 0.009369 0.040162
0 0.601397 0.208089 0.009506 0.058901
0 0.465507 0.487291 0.015938 0.085621
0 0.548791 0.190382 0.006962 0.044652
0 0.337285 0.104616 0.007250 0.037984
0 0.532526 0.181512 0.007740 0.043270
2 0.986318 0.496466 0.027329 0.110183
0 0.510399 0.174663 0.006218 0.039249
0 0.572477 0.203697 0.009086 0.052341
0 0.296782 0.082471 0.006026 0.028511
0 0.487018 0.170278 0.008351 0.042212
0 0.252333 0.095106 0.008063 0.036124
