2 0.899452 0.915544 0.172743 0.166070
2 0.839808 0.749203 0.154579 0.170537
2 0.586958 0.652915 0.122224 0.154018
2 0.465450 0.473204 0.084863 0.095290
2 0.931076 0.708974 0.137331 0.152145
2 0.375808 0.401238 0.072646 0.083996
2 0.754386 0.806740 0.144384 0.161963
2 0.706114 0.664201 0.119648 0.128537
2 0.045685 0.439631 0.090827 0.095492
2 0.629191 0.582932 0.112166 0.116998
2 0.732783 0.413545 0.086447 0.071025
2 0.359508 0.455120 0.079814 0.089985
2 0.283845 0.403411 0.069970 0.081831
2 0.780843 0.617244 0.139227 0.126501
2 0.444684 0.538664 0.102590 0.113571
2 0.276175 0.153699 0.039132 0.040414
2 0.964938 0.881738 0.069825 0.128889
2 0.664915 0.544491 0.117266 0.111253
2 0.318801 0.153863 0.044301 0.044162
2 0.798177 0.526674 0.094740 0.082061
2 0.452003 0.221037 0.050520 0.045524
2 0.158973 0.116591 0.033217 0.034198
2 0.184636 0.109466 0.030645 0.034492
0 0.194075 0.726145 0.027458 0.117720
2 0.034865 0.392219 0.069329 0.051263
2 0.385816 0.187507 0.038439 0.041692
2 0.552987 0.516076 0.082463 0.119804
0 0.154422 0.534658 0.019125 0.092606
0 0.819016 0.297160 0.013518 0.050112
2 0.085160 0.080812 0.028921 0.034236
0 0.523029 0.178966 0.009338 0.043566
0 0.956280 0.313873 0.011696 0.060493
0 0.930622 0.341862 0.010418 0.058138
0 0.581709 0.204158 0.012343 0.052580
0 0.472116 0.166061 0.005855 0.037030
0 0.941382 0.314055 0.016650 0.059572
0 0.594729 0.199459 0.009097 0.042955
0 0.983486 0.372066 0.012961 0.061539
0 0.512086 0.177878 0.007481 0.043367
0 0.562804 0.199233 0.007304 0.041851
0 0.571544 0.198996 0.006867 0.041910
0 0.802510 0.294720 0.009182 0.049653
2 0.015437 0.357661 0.030695 0.038987
0 0.949430 0.313386 0.008536 0.058965
2 0.993846 0.369235 0.012038 0.040107
0 0.601546 0.191210 0.006237 0.024094
0 0.436820 0.150490 0.006971 0.044739
0 0.538789 0.184003 0.006941 0.041578
0 0.453647 0.149590 0.005139 0.038483
0 0.550317 0.189950 0.007767 0.044604
0 0.567347 0.196982 0.006024 0.042326
0 0.397216 0.137470 0.007395 0.036847
0 0.181022 0.674393 0.020030 0.097962
0 0.430090 0.150433 0.007047 0.042465
0 0.462170 0.146958 0.007568 0.050542
0 0.546141 0.210806 0.008845 0.053540
0 0.497014 0.165279 0.011631 0.044120
2 0.002977 0.540473 0.005916 0.019933
2 0.189473 0.066151 0.031888 0.033717
0 0.938244 0.309526 0.011100 0.063023
0 0.421738 0.145308 0.009722 0.031473
2 0.156953 0.066551 0.016212 0.026128
0 0.544044 0.187963 0.007094 0.037169
0 0.462132 0.133435 0.007259 0.023619
2 0.219275 0.064249 0.039793 0.038978
0 0.303278 0.081027 0.006844 0.029778
0 0.565236 0.198360 0.008571 0.042046
6 0.139246 0.465757 0.013644 0.039950
