2 0.224731 0.403945 0.061258 0.084497
2 0.168896 0.361560 0.055710 0.078225
2 0.290185 0.393888 0.082875 0.106717
2 0.711583 0.393612 0.072072 0.071650
2 0.335853 0.376925 0.063065 0.075785
2 0.781950 0.454420 0.085797 0.080333
2 0.045670 0.439476 0.091171 0.096391
2 0.941709 0.540099 0.111284 0.088164
2 0.573708 0.320638 0.070368 0.061275
2 0.281919 0.324078 0.057122 0.057671
2 0.132494 0.111319 0.030378 0.036271
4 0.390407 0.136905 0.102551 0.094777
2 0.165006 0.291809 0.045856 0.062575
2 0.308118 0.192917 0.042966 0.043188
2 0.412196 0.247307 0.049021 0.049513
0 0.027911 0.584610 0.029219 0.097568
0 0.161919 0.704038 0.022279 0.104859
0 0.220733 0.567883 0.025951 0.084165
2 0.083999 0.068017 0.030192 0.031508
0 0.189458 0.699209 0.018148 0.097386
2 0.225735 0.145892 0.038402 0.027405
0 0.246747 0.643549 0.020051 0.103367
0 0.227098 0.645275 0.023862 0.097833
2 0.034808 0.394507 0.069251 0.054014
0 0.212376 0.694512 0.025684 0.111007
0 0.948182 0.365350 0.013808 0.060045
0 0.844829 0.308272 0.011775 0.053234
0 0.934005 0.306125 0.013589 0.061937
0 0.942541 0.402652 0.010664 0.068584
0 0.917097 0.306071 0.009434 0.058267
0 0.565580 0.198330 0.007236 0.043317
0 0.598616 0.199981 0.007305 0.043936
5 0.225615 0.315580 0.078676 0.125189
0 0.521063 0.180119 0.008712 0.042516
0 0.498690 0.217192 0.007643 0.044993
0 0.950301 0.314039 0.015213 0.059735
2 0.015315 0.360044 0.030546 0.043159
6 0.603204 0.358977 0.013808 0.055466
0 0.456917 0.163902 0.008058 0.041837
0 0.245771 0.095099 0.007730 0.037314
0 0.103016 0.538001 0.031239 0.092785
0 0.949741 0.417355 0.011777 0.062096
2 0.319087 0.153078 0.044882 0.048732
6 0.139356 0.464448 0.012384 0.040347
0 0.571750 0.203565 0.010081 0.051846
0 0.958388 0.417373 0.013285 0.072913
0 0.225761 0.074048 0.006348 0.031608
0 0.538154 0.182896 0.006730 0.043362
0 0.489158 0.169477 0.007867 0.042065
0 0.716460 0.259289 0.008764 0.051261
2 0.992659 0.370681 0.014603 0.044960
4 0.378701 0.313073 0.150174 0.189267
0 0.501159 0.177845 0.006414 0.027733
0 0.444288 0.152919 0.007262 0.039120
0 0.463260 0.174637 0.007302 0.035074
0 0.603664 0.191309 0.005949 0.025446
0 0.210288 0.090067 0.007653 0.036501
4 0.252999 0.204486 0.132833 0.109817
0 0.343457 0.161048 0.006611 0.044243
0 0.331208 0.157937 0.007777 0.043091
