2 0.469349 0.540664 0.097028 0.105779
2 0.391379 0.410430 0.082713 0.103833
4 0.354801 0.122969 0.097321 0.091723
2 0.577630 0.751337 0.114246 0.152814
2 0.817054 0.425929 0.096570 0.082999
2 0.531617 0.254656 0.063141 0.056351
2 0.442787 0.604775 0.103923 0.117459
2 0.045679 0.439305 0.091233 0.096237
2 0.343996 0.433688 0.080329 0.099925
2 0.168924 0.191746 0.041326 0.048820
2 0.648844 0.640564 0.089335 0.120203
2 0.324697 0.305250 0.066868 0.076535
2 0.469919 0.229918 0.052622 0.049929
2 0.400139 0.224841 0.051025 0.048498
2 0.078996 0.133973 0.032439 0.039328
2 0.590793 0.339496 0.071318 0.062935
2 0.324369 0.357617 0.062746 0.067630
2 0.319580 0.464894 0.069813 0.110596
2 0.175061 0.296690 0.053378 0.063913
2 0.923571 0.399303 0.075977 0.078093
0 0.912798 0.306577 0.011924 0.055725
2 0.034782 0.394356 0.069229 0.053983
4 0.570848 0.447935 0.228453 0.269684
0 0.564500 0.199551 0.012200 0.042540
0 0.818289 0.303051 0.009370 0.047510
0 0.519751 0.180873 0.008861 0.042765
0 0.118016 0.519440 0.010664 0.087847
0 0.953846 0.313527 0.010658 0.060469
0 0.484646 0.171770 0.007399 0.041959
0 0.933892 0.305612 0.014729 0.062224
0 0.833181 0.304607 0.015390 0.056320
0 0.589552 0.197448 0.007691 0.040954
0 0.945439 0.312138 0.011390 0.057041
0 0.533116 0.180967 0.007960 0.042549
0 0.344734 0.159598 0.007137 0.037813
0 0.509241 0.179687 0.007765 0.044018
0 0.236215 0.098137 0.005868 0.030016
0 0.803788 0.297302 0.007621 0.046767
2 0.015290 0.359992 0.030505 0.043051
0 0.475418 0.162592 0.006507 0.039760
0 0.502376 0.178116 0.009727 0.044605
0 0.604788 0.199634 0.007658 0.042092
0 0.249527 0.096284 0.006266 0.037926
0 0.193216 0.073748 0.004921 0.031075
5 0.767839 0.761715 0.198999 0.302258
0 0.571892 0.205077 0.010346 0.048372
0 0.512594 0.222222 0.008579 0.033786
0 0.408835 0.141291 0.007279 0.040527
0 0.467697 0.162387 0.008973 0.041832
0 0.548352 0.189853 0.006785 0.046026
0 0.950835 0.417164 0.015768 0.065626
7 0.139255 0.464924 0.012772 0.040402
0 0.656837 0.222300 0.012808 0.045245
2 0.319762 0.151831 0.045842 0.049643
0 0.334218 0.158457 0.008188 0.041569
0 0.961818 0.418509 0.012670 0.072322
2 0.992739 0.371674 0.014427 0.047921
0 0.444242 0.152870 0.008913 0.036357
0 0.539724 0.186252 0.007779 0.043393
