4 0.200107 0.075327 0.100569 0.078652
2 0.937372 0.397221 0.089137 0.078109
2 0.839036 0.531859 0.105864 0.088716
2 0.417598 0.371045 0.079641 0.095431
2 0.334074 0.368008 0.064698 0.075455
2 0.898518 0.492473 0.068777 0.083708
2 0.933689 0.918882 0.132622 0.161536
2 0.274027 0.317269 0.066810 0.083669
2 0.938499 0.593987 0.123002 0.102858
2 0.045647 0.439273 0.091197 0.096519
2 0.343998 0.327058 0.066826 0.066420
2 0.318991 0.154495 0.043852 0.044173
0 0.747694 0.412741 0.020500 0.075789
0 0.532434 0.478872 0.022866 0.074313
2 0.241092 0.240499 0.048865 0.045477
0 0.439563 0.507472 0.023461 0.075722
0 0.795928 0.450112 0.015388 0.070244
0 0.651768 0.457049 0.016990 0.077082
2 0.163372 0.246767 0.073602 0.049387
0 0.345733 0.785143 0.024206 0.113150
2 0.951065 0.719036 0.085609 0.127991
0 0.420304 0.474198 0.012838 0.085800
2 0.299355 0.293242 0.054886 0.052349
0 0.822716 0.295537 0.013465 0.054612
2 0.035043 0.394276 0.069760 0.053883
0 0.632070 0.454215 0.017698 0.077829
0 0.576753 0.455620 0.019005 0.075608
0 0.691121 0.458113 0.018612 0.080690
0 0.928427 0.334421 0.011107 0.052242
0 0.479060 0.164234 0.008056 0.041271
6 0.603424 0.358698 0.013610 0.055051
0 0.587244 0.461276 0.021829 0.071648
0 0.680172 0.440297 0.013517 0.062683
0 0.614714 0.470780 0.021051 0.080183
0 0.655073 0.225413 0.015289 0.050342
2 0.015249 0.360093 0.030413 0.043154
0 0.603323 0.191340 0.007020 0.025747
0 0.687810 0.240814 0.009734 0.049961
0 0.548698 0.190238 0.006776 0.045128
0 0.444185 0.153846 0.008885 0.038446
0 0.624543 0.205417 0.009284 0.047909
6 0.139327 0.464816 0.012495 0.040937
0 0.572420 0.203223 0.009082 0.051817
0 0.510429 0.176756 0.005962 0.035614
0 0.532926 0.182907 0.007687 0.040953
0 0.461598 0.158219 0.008054 0.039306
2 0.972678 0.559157 0.054643 0.090047
4 0.198326 0.347455 0.154277 0.219967
2 0.285116 0.372736 0.023024 0.071424
0 0.525943 0.185708 0.007465 0.042177
0 0.564450 0.199120 0.011468 0.043808
0 0.566990 0.198492 0.006902 0.042442
2 0.989934 0.489557 0.020081 0.082089
0 0.488606 0.169558 0.007591 0.042542
0 0.540688 0.189040 0.007314 0.043935
0 0.452600 0.153505 0.006807 0.040207
0 0.376445 0.113044 0.007546 0.039931
