4 0.372136 0.126203 0.094894 0.093374
2 0.527815 0.253648 0.063005 0.057859
2 0.660512 0.664649 0.112778 0.132052
2 0.491353 0.504179 0.087887 0.112608
2 0.582817 0.499951 0.096777 0.097968
2 0.502203 0.308516 0.072342 0.061989
2 0.178319 0.307561 0.053373 0.056863
2 0.483817 0.426820 0.076632 0.080200
2 0.045726 0.439238 0.091291 0.096502
2 0.731001 0.399187 0.083665 0.069422
2 0.460627 0.224846 0.053033 0.047515
2 0.268086 0.175936 0.045523 0.043430
2 0.390695 0.346819 0.051950 0.073277
2 0.571482 0.379107 0.078402 0.070849
2 0.077077 0.206795 0.026217 0.049832
2 0.370400 0.209821 0.040579 0.043461
2 0.156874 0.113945 0.034063 0.038608
0 0.445070 0.949135 0.040613 0.101730
0 0.237616 0.757248 0.029346 0.120052
4 0.654489 0.274503 0.138327 0.151901
0 0.479206 0.942965 0.029347 0.113743
0 0.269005 0.759360 0.025040 0.109131
2 0.288154 0.345781 0.035105 0.073377
0 0.870594 0.393374 0.012390 0.070260
2 0.319291 0.154263 0.044495 0.044122
2 0.931109 0.397972 0.077010 0.078771
2 0.034688 0.394430 0.069046 0.054215
0 0.118036 0.518793 0.010738 0.088702
0 0.913463 0.305143 0.009342 0.059671
2 0.200189 0.261893 0.055895 0.060736
0 0.934633 0.305746 0.013472 0.062517
0 0.977563 0.404515 0.015953 0.065455
0 0.949895 0.312899 0.013404 0.060735
0 0.864759 0.286606 0.010857 0.048648
0 0.519690 0.180640 0.008843 0.042524
0 0.847773 0.285794 0.009289 0.049861
0 0.564648 0.198826 0.012047 0.042777
2 0.015314 0.360055 0.030550 0.043374
0 0.777787 0.281592 0.010250 0.049317
0 0.468124 0.160433 0.009072 0.042900
0 0.598244 0.196057 0.007436 0.033623
0 0.476258 0.162352 0.007076 0.039255
5 0.365904 0.423865 0.146405 0.243063
0 0.249596 0.095853 0.006395 0.038459
7 0.139196 0.464953 0.012631 0.040362
0 0.488284 0.170644 0.006814 0.042872
0 0.548446 0.191128 0.007356 0.043186
0 0.532797 0.181358 0.007631 0.040761
7 0.603003 0.358876 0.013285 0.055723
0 0.445717 0.149798 0.006710 0.039309
0 0.603756 0.190320 0.006303 0.023723
0 0.510256 0.177022 0.006557 0.034495
0 0.989398 0.408649 0.014134 0.056649
0 0.500151 0.177641 0.005687 0.027888
4 0.819778 0.607081 0.355447 0.373963
0 0.539670 0.186739 0.007081 0.042254
0 0.571518 0.203380 0.010660 0.052231
0 0.453773 0.153947 0.007561 0.046087
0 0.962694 0.417910 0.010213 0.088398
0 0.950599 0.421015 0.015589 0.070719
0 0.943208 0.406681 0.015858 0.075497
