2 0.856621 0.880592 0.176979 0.175608
2 0.654643 0.711333 0.135416 0.167045
2 0.749832 0.666370 0.138661 0.129894
2 0.045645 0.439760 0.090862 0.095846
2 0.208673 0.391214 0.064438 0.082899
2 0.308890 0.423990 0.073735 0.084504
2 0.504720 0.588002 0.114071 0.121759
4 0.557234 0.205428 0.102735 0.125335
2 0.409803 0.497927 0.085191 0.100068
2 0.967680 0.882662 0.064394 0.124632
2 0.571889 0.315451 0.053480 0.057701
2 0.535118 0.525954 0.095817 0.104008
2 0.277741 0.158986 0.043342 0.045651
2 0.254382 0.185128 0.045005 0.046595
2 0.444355 0.217226 0.049700 0.044331
4 0.416991 0.145346 0.139871 0.113351
2 0.034437 0.392179 0.068474 0.051116
0 0.058545 0.581017 0.017179 0.094051
0 0.921852 0.405509 0.012528 0.068326
0 0.950914 0.346733 0.013705 0.064477
0 0.177699 0.530027 0.013848 0.091416
0 0.940168 0.313772 0.012656 0.061532
2 0.383178 0.186856 0.039175 0.041036
2 0.048161 0.153286 0.026157 0.046981
0 0.959963 0.314083 0.010312 0.061064
2 0.319040 0.154316 0.043488 0.042887
2 0.123306 0.385534 0.061668 0.088677
0 0.343725 0.104852 0.006915 0.031632
2 0.015462 0.357952 0.030731 0.039464
0 0.118378 0.523887 0.011137 0.076173
0 0.498221 0.178898 0.008872 0.040764
0 0.639173 0.224833 0.005889 0.025969
0 0.626806 0.211789 0.014446 0.045657
6 0.138443 0.465044 0.012039 0.041377
6 0.603130 0.359461 0.013644 0.055645
