2 0.900046 0.915970 0.172777 0.165025
2 0.465578 0.472423 0.084370 0.092934
4 0.709196 0.310684 0.174582 0.171146
2 0.609822 0.672865 0.126732 0.159054
2 0.677190 0.550965 0.120797 0.110527
2 0.308973 0.423928 0.073615 0.084431
4 0.555096 0.211175 0.146744 0.143061
2 0.754237 0.806706 0.143762 0.160229
2 0.405637 0.494534 0.084735 0.096656
2 0.045667 0.439832 0.090890 0.095750
2 0.782217 0.720472 0.132122 0.136450
2 0.806157 0.526103 0.087101 0.088724
2 0.686761 0.622740 0.122044 0.124708
2 0.834194 0.652332 0.152844 0.139196
2 0.737400 0.438186 0.093164 0.082483
2 0.490900 0.577039 0.111175 0.120282
2 0.398783 0.417550 0.073773 0.080523
2 0.842527 0.446524 0.104289 0.087111
2 0.444415 0.217217 0.049737 0.044353
2 0.242205 0.145430 0.033008 0.039109
2 0.318858 0.153936 0.044216 0.044384
2 0.382730 0.186854 0.038304 0.041273
0 0.931037 0.403755 0.016599 0.066222
2 0.153806 0.077328 0.049879 0.034549
2 0.970433 0.874440 0.058880 0.151488
0 0.058934 0.581984 0.016262 0.092342
2 0.034048 0.392538 0.067731 0.051225
0 0.005863 0.496219 0.011714 0.073690
2 0.986490 0.732031 0.026715 0.116450
0 0.171991 0.528079 0.016246 0.092740
0 0.939665 0.312320 0.012288 0.062181
2 0.078282 0.211267 0.028981 0.052616
0 0.957204 0.314357 0.011758 0.060744
0 0.949938 0.313307 0.011510 0.058480
2 0.569896 0.525571 0.087399 0.124575
0 0.983943 0.368651 0.011212 0.057114
0 0.470683 0.166310 0.005993 0.036956
2 0.089493 0.062902 0.025359 0.027456
0 0.397475 0.137467 0.007579 0.036332
2 0.015348 0.358177 0.030619 0.039804
0 0.437895 0.151708 0.007150 0.043014
0 0.461163 0.156360 0.006696 0.034665
0 0.323295 0.093074 0.006130 0.030052
0 0.455965 0.151959 0.005855 0.036490
0 0.836662 0.314816 0.008071 0.040803
0 0.834601 0.313870 0.012190 0.041980
0 0.428681 0.148204 0.009279 0.039712
0 0.846003 0.321308 0.006420 0.031994
0 0.421926 0.144844 0.009779 0.032999
0 0.315420 0.091556 0.006448 0.025502
0 0.750537 0.253511 0.006044 0.024899
2 0.189579 0.065860 0.032008 0.032233
0 0.428420 0.181738 0.008695 0.040923
0 0.294044 0.077274 0.005221 0.028026
0 0.116230 0.504859 0.007738 0.048248
6 0.138844 0.465044 0.011236 0.047084
6 0.603531 0.360175 0.014446 0.054218
