2 0.369527 0.407315 0.071117 0.077374
2 0.256285 0.372940 0.063497 0.076196
2 0.446934 0.402145 0.073209 0.080697
2 0.752029 0.417411 0.085922 0.080617
2 0.586900 0.565548 0.120737 0.143592
2 0.382595 0.490515 0.085006 0.102840
2 0.097181 0.189684 0.039313 0.056617
2 0.298574 0.291982 0.055304 0.049950
2 0.465909 0.226613 0.058324 0.051161
2 0.045705 0.439075 0.091310 0.096581
2 0.888480 0.667146 0.164849 0.160915
2 0.318898 0.154228 0.043914 0.043783
2 0.611141 0.521178 0.105417 0.100497
0 0.129465 0.640936 0.023994 0.095461
0 0.368598 0.966001 0.026516 0.067998
2 0.212183 0.225196 0.050008 0.044348
0 0.050525 0.534940 0.016886 0.088516
2 0.124053 0.088304 0.031706 0.033420
2 0.034826 0.394121 0.069289 0.053718
2 0.221569 0.264898 0.071152 0.057189
0 0.792684 0.291796 0.009211 0.049541
2 0.183295 0.085504 0.029259 0.030145
0 0.453023 0.969825 0.029903 0.060082
0 0.159735 0.669563 0.022498 0.103980
4 0.893624 0.418209 0.207863 0.237965
0 0.485180 0.962807 0.038162 0.074292
0 0.173141 0.664286 0.019569 0.106428
0 0.505725 0.219379 0.008270 0.048799
0 0.418960 0.977744 0.030384 0.044512
0 0.444562 0.153442 0.006280 0.041569
0 0.574623 0.194230 0.008194 0.037560
0 0.542030 0.184564 0.009407 0.046443
2 0.015299 0.359949 0.030501 0.043209
7 0.139218 0.465055 0.012562 0.040439
0 0.496982 0.945195 0.016239 0.083382
0 0.601947 0.191744 0.006822 0.026139
7 0.602925 0.358235 0.012746 0.055736
0 0.490391 0.211240 0.008213 0.026864
0 0.331063 0.100087 0.006312 0.029096
0 0.240118 0.740202 0.022203 0.111072
0 0.473289 0.166319 0.007036 0.043873
0 0.261967 0.708013 0.017772 0.066833
0 0.495472 0.171507 0.008634 0.031542
0 0.510298 0.176887 0.006025 0.034770
0 0.228308 0.697249 0.022033 0.117850
0 0.564241 0.201687 0.010692 0.050254
0 0.458160 0.160126 0.007371 0.036598
0 0.431196 0.148943 0.008142 0.039558
0 0.526118 0.185943 0.007090 0.041814
0 0.565889 0.202212 0.007004 0.049880
4 0.809390 0.814205 0.381220 0.371589
0 0.253991 0.778105 0.026752 0.126826
0 0.274055 0.770178 0.021179 0.116917
0 0.251220 0.097150 0.009138 0.041093
