2 0.236839 0.425627 0.063770 0.088083
2 0.181743 0.365215 0.062142 0.074320
2 0.450211 0.471261 0.088003 0.097307
2 0.193167 0.312355 0.057455 0.066610
2 0.671251 0.317983 0.075821 0.064572
2 0.045675 0.439286 0.091260 0.096253
2 0.538456 0.703739 0.106212 0.143986
2 0.723865 0.684842 0.127525 0.133235
2 0.513001 0.254078 0.055740 0.051067
2 0.129681 0.163148 0.044504 0.053221
2 0.539251 0.596235 0.125815 0.145930
2 0.189127 0.107494 0.032874 0.035846
2 0.110093 0.292477 0.041668 0.075934
4 0.388455 0.136163 0.103784 0.094971
2 0.135120 0.212401 0.042223 0.050703
2 0.138521 0.262651 0.054418 0.070044
2 0.222913 0.277041 0.061170 0.074160
0 0.335644 0.933526 0.026065 0.131593
2 0.078049 0.064262 0.028443 0.027734
0 0.931100 0.346118 0.011547 0.050100
2 0.059548 0.117682 0.023445 0.032796
0 0.363000 0.926183 0.022625 0.124159
5 0.322569 0.396974 0.100990 0.172486
2 0.034792 0.394453 0.069213 0.054080
4 0.596522 0.471815 0.246897 0.280630
0 0.916917 0.305660 0.010172 0.059967
0 0.951712 0.416323 0.013505 0.062264
0 0.521665 0.180075 0.010144 0.043239
0 0.953015 0.313204 0.010085 0.061089
2 0.891614 0.414417 0.049707 0.080692
0 0.118134 0.518539 0.010505 0.088683
0 0.542950 0.984396 0.023289 0.029596
0 0.933233 0.304606 0.013502 0.060096
0 0.388534 0.925019 0.028676 0.138865
0 0.564688 0.198822 0.012509 0.044059
2 0.320189 0.152300 0.046364 0.048116
2 0.015319 0.360036 0.030565 0.043005
0 0.487043 0.171191 0.007884 0.044860
0 0.945548 0.312027 0.011166 0.057534
0 0.603335 0.190919 0.006904 0.025465
0 0.344535 0.159197 0.006950 0.039230
0 0.571703 0.204704 0.009867 0.050102
7 0.603156 0.359045 0.013181 0.054415
0 0.652188 0.220080 0.012226 0.042301
7 0.139222 0.464969 0.012712 0.040510
0 0.247213 0.096198 0.007105 0.037383
0 0.511115 0.214940 0.009608 0.030048
0 0.964695 0.416593 0.016299 0.076773
0 0.473024 0.164402 0.007765 0.043315
0 0.334619 0.157574 0.008102 0.044588
0 0.549750 0.190231 0.007256 0.044496
2 0.992673 0.371135 0.014584 0.045460
0 0.539741 0.188876 0.009520 0.044286
0 0.478373 0.165513 0.007503 0.041530
0 0.442526 0.151166 0.007360 0.037250
0 0.182326 0.073696 0.004895 0.032148
0 0.462142 0.155666 0.006008 0.038455
0 0.210378 0.090384 0.008063 0.036235
4 0.319021 0.271714 0.146870 0.168361
