2 0.224787 0.404016 0.061060 0.084493
2 0.290176 0.394310 0.082999 0.107777
2 0.479770 0.263201 0.067730 0.068153
2 0.335639 0.377047 0.063349 0.076007
2 0.736772 0.469148 0.105996 0.092632
2 0.045663 0.439292 0.091226 0.096363
2 0.944348 0.932416 0.111304 0.134069
2 0.921225 0.517850 0.123835 0.099598
2 0.094309 0.229555 0.044048 0.055532
2 0.138367 0.330218 0.050821 0.075419
2 0.281853 0.324106 0.057222 0.057122
0 0.445621 0.483141 0.024697 0.078147
4 0.691005 0.298255 0.163263 0.160333
0 0.529966 0.493762 0.015284 0.081641
0 0.488848 0.461424 0.014534 0.080858
0 0.506145 0.487494 0.020592 0.079046
0 0.414301 0.502834 0.023818 0.079619
0 0.785753 0.427481 0.014853 0.064090
2 0.034802 0.394261 0.069311 0.053889
2 0.319291 0.153287 0.044731 0.047987
5 0.225253 0.316807 0.079668 0.123883
0 0.609508 0.463692 0.014822 0.074583
0 0.026294 0.599434 0.020059 0.094982
0 0.952646 0.417916 0.011932 0.072300
0 0.752631 0.409907 0.016627 0.035629
0 0.935775 0.306895 0.014717 0.060681
0 0.918946 0.306312 0.011863 0.059331
0 0.521095 0.179865 0.008730 0.043863
0 0.941233 0.416670 0.012019 0.062526
0 0.404553 0.492296 0.015136 0.081969
4 0.373367 0.314674 0.161085 0.187690
0 0.057254 0.594689 0.016652 0.101493
0 0.952279 0.312807 0.011089 0.061918
0 0.503600 0.182614 0.010475 0.041492
0 0.565486 0.198264 0.006909 0.042970
0 0.868261 0.292661 0.011502 0.059137
0 0.444210 0.154784 0.006748 0.038375
0 0.513941 0.177602 0.006809 0.042817
0 0.571445 0.204478 0.010036 0.051168
6 0.603385 0.358807 0.013671 0.055167
0 0.459819 0.159405 0.007832 0.045653
2 0.015301 0.359905 0.030549 0.043072
0 0.603230 0.192675 0.006606 0.028247
0 0.394005 0.134983 0.006230 0.040059
0 0.342947 0.159748 0.005535 0.038747
6 0.139297 0.464453 0.012454 0.040645
0 0.245828 0.094998 0.007256 0.037569
0 0.429070 0.146573 0.007434 0.035578
0 0.552142 0.190144 0.007627 0.045898
0 0.405736 0.138712 0.007122 0.042548
4 0.251342 0.224457 0.121487 0.148684
2 0.166062 0.078087 0.046398 0.033940
0 0.498391 0.216393 0.007282 0.042040
2 0.992577 0.370789 0.014787 0.045825
0 0.538802 0.183481 0.007464 0.041800
0 0.467652 0.157097 0.007930 0.039191
0 0.399227 0.140716 0.006819 0.034439
0 0.330414 0.156422 0.009138 0.043482
0 0.210285 0.089472 0.008399 0.034842
