2 0.189395 0.369878 0.058298 0.079861
2 0.681185 0.823510 0.147883 0.192109
2 0.045634 0.439844 0.090855 0.095759
2 0.318337 0.500844 0.080695 0.101831
2 0.398492 0.250207 0.055171 0.053524
2 0.409194 0.199768 0.047675 0.042884
2 0.396456 0.495007 0.077514 0.097633
2 0.525590 0.702883 0.121527 0.143858
0 0.930277 0.408063 0.015729 0.066541
2 0.253305 0.314930 0.079411 0.081336
2 0.143470 0.125939 0.037639 0.037712
2 0.400207 0.593460 0.083163 0.116561
2 0.185506 0.244695 0.048537 0.047257
5 0.339922 0.363560 0.061529 0.113572
2 0.297109 0.179448 0.043517 0.042112
2 0.736768 0.770953 0.139467 0.152205
2 0.919649 0.835746 0.156594 0.169885
0 0.062889 0.594558 0.015063 0.099307
0 0.005543 0.597279 0.011076 0.095939
2 0.186272 0.108292 0.032762 0.035480
0 0.908840 0.396184 0.015058 0.063987
0 0.097917 0.696761 0.019551 0.107001
2 0.140500 0.264853 0.059631 0.076642
2 0.034480 0.392261 0.068627 0.050985
0 0.905832 0.317072 0.014948 0.060379
0 0.949093 0.412387 0.014722 0.072744
0 0.963414 0.417955 0.012051 0.069839
2 0.697195 0.424557 0.078876 0.069260
0 0.114654 0.690132 0.016889 0.100147
0 0.954813 0.355508 0.015745 0.062001
0 0.740713 0.342381 0.013052 0.064274
5 0.129539 0.088422 0.036336 0.052995
2 0.571193 0.326526 0.076651 0.066284
2 0.318755 0.150768 0.043709 0.047639
0 0.209982 0.618148 0.023176 0.095452
0 0.581053 0.203771 0.010549 0.052499
2 0.745115 0.694736 0.125138 0.134582
0 0.916637 0.305858 0.010108 0.058810
0 0.940531 0.351798 0.010219 0.042163
0 0.568550 0.198988 0.009675 0.042272
5 0.905796 0.914079 0.185064 0.167791
0 0.935037 0.308094 0.013231 0.064639
5 0.068590 0.188470 0.058508 0.096230
0 0.505348 0.183348 0.007327 0.040367
5 0.531839 0.555214 0.210120 0.262004
0 0.599132 0.207716 0.012160 0.057686
0 0.948647 0.311885 0.010270 0.055903
0 0.952899 0.310031 0.014765 0.053232
0 0.524247 0.181988 0.008566 0.047841
2 0.095270 0.065930 0.027578 0.030453
0 0.395301 0.135600 0.006982 0.040120
2 0.374681 0.339033 0.055559 0.068810
0 0.551664 0.189495 0.007669 0.047431
0 0.542807 0.189591 0.008749 0.043783
0 0.539027 0.182870 0.007885 0.044551
0 0.517153 0.186038 0.009289 0.041670
0 0.513535 0.176821 0.008533 0.047431
0 0.496306 0.171828 0.010586 0.035909
0 0.486909 0.163859 0.008857 0.038406
0 0.463980 0.155012 0.008555 0.044935
0 0.450564 0.155703 0.007907 0.038943
0 0.443954 0.151440 0.008944 0.042400
0 0.435982 0.154896 0.010629 0.045165
0 0.425937 0.148675 0.011277 0.048391
4 0.564607 0.448636 0.325040 0.313894
7 0.139246 0.465044 0.012039 0.044230
0 0.341350 0.160821 0.008814 0.043783
