2 0.325669 0.412244 0.070924 0.083798
2 0.278114 0.458946 0.076919 0.091003
2 0.423725 0.449017 0.083232 0.089168
2 0.214491 0.337067 0.058330 0.073414
2 0.597094 0.516684 0.099405 0.100833
2 0.937430 0.397021 0.089261 0.078355
2 0.708436 0.582392 0.119412 0.111835
2 0.469163 0.546925 0.096384 0.099144
2 0.095955 0.177190 0.040629 0.045179
2 0.524265 0.459662 0.083766 0.093392
2 0.516616 0.308320 0.069498 0.060674
2 0.045639 0.439266 0.091243 0.096094
2 0.814446 0.920546 0.175085 0.158908
2 0.819625 0.731573 0.129907 0.144243
2 0.476021 0.651061 0.111353 0.125921
2 0.852733 0.658397 0.143411 0.126334
2 0.466017 0.228173 0.058738 0.049221
2 0.252358 0.297927 0.051436 0.050947
2 0.318857 0.154712 0.043867 0.044629
2 0.949737 0.898665 0.100525 0.191487
4 0.438132 0.153015 0.140889 0.114294
0 0.258296 0.744175 0.020470 0.110739
2 0.097709 0.076741 0.028912 0.029644
0 0.417826 0.940222 0.024365 0.119555
2 0.034639 0.394405 0.068930 0.054236
0 0.575191 0.194629 0.008486 0.037283
2 0.978393 0.732752 0.043214 0.107309
0 0.519469 0.980587 0.020718 0.038191
0 0.442649 0.936390 0.028668 0.125545
2 0.015288 0.360339 0.030488 0.043381
0 0.567716 0.190674 0.006723 0.040865
0 0.549718 0.184178 0.008012 0.040368
2 0.984824 0.534128 0.030246 0.071117
0 0.536073 0.190003 0.013329 0.052448
7 0.139318 0.464915 0.012463 0.040013
0 0.518087 0.178310 0.006530 0.040001
2 0.992725 0.370592 0.014503 0.045192
7 0.603112 0.359171 0.013263 0.055322
2 0.085359 0.056231 0.023536 0.026388
2 0.076244 0.243220 0.013118 0.045178
0 0.531927 0.183949 0.007638 0.045742
0 0.251557 0.096026 0.009031 0.036124
0 0.686059 0.237277 0.011934 0.048165
0 0.523018 0.189685 0.010967 0.041285
