2 0.844238 0.528936 0.098646 0.088868
2 0.417616 0.370975 0.079526 0.095313
2 0.334105 0.367978 0.064773 0.075469
2 0.937297 0.397037 0.089293 0.078530
2 0.882028 0.478324 0.081437 0.081243
2 0.273831 0.317102 0.067194 0.083662
2 0.045701 0.438934 0.091164 0.096316
2 0.343938 0.327186 0.066908 0.066825
2 0.318975 0.154512 0.043812 0.044299
2 0.937854 0.590517 0.123516 0.098079
0 0.350824 0.496545 0.025062 0.078586
2 0.241071 0.240257 0.049079 0.044892
2 0.938539 0.695099 0.102149 0.124068
0 0.536043 0.468773 0.024197 0.074656
0 0.263570 0.575509 0.017217 0.086609
0 0.345869 0.785918 0.024549 0.113632
0 0.877846 0.384901 0.014524 0.070069
0 0.415062 0.493123 0.025788 0.074706
2 0.299572 0.293434 0.054210 0.052981
2 0.167418 0.247698 0.082062 0.047545
2 0.034913 0.394226 0.069480 0.053717
2 0.973664 0.821771 0.052672 0.165932
0 0.821948 0.299495 0.011586 0.057697
0 0.563854 0.489409 0.018279 0.076433
0 0.008207 0.492832 0.016414 0.077614
0 0.484795 0.518914 0.018269 0.088531
0 0.402978 0.486017 0.016256 0.080373
0 0.479551 0.164939 0.008365 0.040585
0 0.949010 0.426861 0.015115 0.065915
0 0.590342 0.207704 0.011098 0.052712
0 0.555049 0.476304 0.017224 0.079222
2 0.015312 0.359903 0.030530 0.042916
0 0.612958 0.220112 0.009253 0.051395
0 0.249938 0.495755 0.013137 0.087278
6 0.603332 0.358556 0.013800 0.055157
0 0.445327 0.152504 0.007816 0.040845
0 0.456659 0.500376 0.018926 0.084134
0 0.564797 0.198679 0.011918 0.042690
2 0.967606 0.554121 0.064787 0.085968
2 0.285171 0.372897 0.022996 0.071337
6 0.139254 0.464691 0.012499 0.040933
4 0.203811 0.338213 0.142797 0.242452
0 0.183477 0.073600 0.005681 0.031616
0 0.471012 0.487814 0.017908 0.079940
0 0.432948 0.149270 0.008860 0.039913
0 0.548646 0.190723 0.006782 0.043975
0 0.601251 0.208918 0.008771 0.058279
0 0.572556 0.203609 0.009278 0.052985
0 0.733162 0.257311 0.007227 0.043421
2 0.986896 0.498392 0.026166 0.112402
0 0.510385 0.175111 0.006429 0.038590
0 0.532469 0.181416 0.007420 0.042590
0 0.468249 0.478622 0.011424 0.090937
2 0.988087 0.371000 0.023815 0.045459
0 0.338071 0.105498 0.006648 0.036548
0 0.484908 0.469261 0.012228 0.037776
0 0.459284 0.155814 0.009799 0.047562
0 0.774932 0.292052 0.013376 0.057072
0 0.251663 0.094699 0.008332 0.038226
