4 0.190030 0.073724 0.098259 0.076329
2 0.839119 0.531832 0.105726 0.088765
2 0.937380 0.397607 0.089112 0.077251
2 0.417576 0.371014 0.079571 0.095309
2 0.334092 0.368044 0.064834 0.075489
2 0.898754 0.492266 0.068895 0.083969
2 0.274021 0.316966 0.066770 0.083204
2 0.045696 0.439051 0.091241 0.096667
2 0.938478 0.594000 0.123020 0.103005
2 0.938423 0.913139 0.123153 0.167750
2 0.343908 0.327134 0.066782 0.066736
2 0.318934 0.154595 0.043669 0.044427
2 0.241065 0.240240 0.049039 0.045450
0 0.753791 0.411887 0.019496 0.073710
0 0.646846 0.458248 0.018374 0.075840
0 0.800852 0.450175 0.016622 0.069528
2 0.164445 0.246733 0.074706 0.049050
0 0.411803 0.477132 0.023967 0.084997
0 0.346631 0.785115 0.024934 0.113634
0 0.525538 0.478144 0.012757 0.077763
0 0.433556 0.508907 0.020296 0.077277
2 0.299524 0.293119 0.054251 0.052663
2 0.034899 0.394339 0.069458 0.054126
2 0.943867 0.718273 0.099941 0.128199
0 0.573163 0.454600 0.012587 0.074662
0 0.923504 0.335162 0.012920 0.054297
0 0.819695 0.295071 0.011832 0.054508
0 0.582588 0.461874 0.014979 0.073195
0 0.479091 0.163973 0.008156 0.042375
2 0.015298 0.359609 0.030497 0.042884
0 0.686105 0.460842 0.018966 0.079737
6 0.603335 0.358594 0.013652 0.055667
0 0.627829 0.455219 0.012685 0.079823
2 0.285194 0.373253 0.022804 0.070498
0 0.603422 0.191605 0.007293 0.026443
0 0.564523 0.198739 0.011704 0.044103
0 0.778580 0.280151 0.007712 0.042041
0 0.618192 0.450882 0.012029 0.072161
0 0.605293 0.466438 0.018850 0.074568
4 0.204300 0.343180 0.142033 0.228111
0 0.510393 0.176384 0.006151 0.035800
0 0.674943 0.437876 0.013642 0.057793
0 0.548734 0.190918 0.006878 0.043797
0 0.532329 0.181216 0.007522 0.042928
0 0.443875 0.154220 0.009140 0.037829
6 0.139320 0.464622 0.012444 0.040786
0 0.651876 0.223893 0.010183 0.050826
2 0.972727 0.558022 0.054546 0.090948
0 0.572995 0.203094 0.009626 0.052120
0 0.622368 0.205628 0.010554 0.046436
0 0.397835 0.128048 0.006378 0.032264
2 0.989624 0.490604 0.020727 0.085776
0 0.452501 0.153261 0.006749 0.039651
0 0.566385 0.198440 0.008215 0.043405
0 0.462465 0.158203 0.007489 0.038823
0 0.525822 0.187256 0.007174 0.039320
0 0.374430 0.113120 0.011871 0.045792
0 0.251076 0.095739 0.009676 0.037844
