2 0.953062 0.401386 0.076829 0.070604
2 0.236215 0.421675 0.070372 0.086628
2 0.362249 0.389913 0.063310 0.080362
2 0.342685 0.454301 0.076433 0.089538
2 0.045755 0.439751 0.091413 0.095226
2 0.306821 0.354309 0.061720 0.074151
2 0.304203 0.294123 0.057937 0.055341
4 0.364703 0.121935 0.100276 0.091815
2 0.147599 0.414239 0.062701 0.084576
2 0.174729 0.239617 0.045125 0.055443
2 0.318961 0.153813 0.044014 0.043685
2 0.097769 0.231900 0.040564 0.064071
2 0.759933 0.958596 0.194849 0.080658
2 0.371657 0.331620 0.047603 0.065336
0 0.057615 0.456985 0.022429 0.083254
2 0.428912 0.375359 0.082767 0.100859
2 0.192702 0.209752 0.038524 0.052236
2 0.238255 0.341694 0.060184 0.085131
2 0.034395 0.392578 0.068442 0.051588
0 0.940640 0.312435 0.011687 0.062624
2 0.165772 0.336541 0.056659 0.091599
2 0.109426 0.190373 0.039171 0.046841
0 0.888546 0.329776 0.010682 0.047894
2 0.061298 0.153961 0.036054 0.044783
2 0.247400 0.303266 0.057052 0.063053
0 0.579018 0.203079 0.008827 0.052559
0 0.537323 0.185791 0.009350 0.045286
0 0.956382 0.313602 0.012604 0.061466
2 0.146764 0.198131 0.038829 0.062671
0 0.495997 0.164989 0.009065 0.044624
2 0.104424 0.149643 0.037528 0.040591
0 0.601277 0.192168 0.006773 0.027328
2 0.162440 0.185870 0.036477 0.044241
0 0.551747 0.191243 0.008752 0.045842
0 0.950217 0.313494 0.008847 0.058887
2 0.103107 0.078420 0.025006 0.030323
0 0.512093 0.178766 0.007167 0.041740
0 0.621720 0.215321 0.009573 0.047826
0 0.109299 0.520030 0.014091 0.071613
2 0.196195 0.270864 0.032414 0.060486
0 0.573074 0.198642 0.006052 0.043158
0 0.563075 0.196854 0.007534 0.046475
2 0.135658 0.167023 0.034747 0.039947
2 0.015426 0.357546 0.030799 0.038991
0 0.521379 0.180138 0.006470 0.038484
2 0.244868 0.250204 0.066237 0.079737
0 0.567689 0.197332 0.007519 0.043602
2 0.989406 0.370921 0.020951 0.041991
0 0.545480 0.191127 0.007692 0.043136
0 0.565440 0.171726 0.007314 0.021499
0 0.490047 0.158027 0.005772 0.035184
2 0.138808 0.265802 0.046291 0.055125
0 0.438387 0.149680 0.007338 0.042880
2 0.004152 0.528012 0.008234 0.044148
2 0.157335 0.066716 0.016112 0.026274
0 0.572707 0.168254 0.005797 0.024872
0 0.462061 0.152149 0.007094 0.038295
2 0.180202 0.304118 0.036548 0.049058
2 0.189072 0.066181 0.031734 0.034245
0 0.565539 0.177977 0.007519 0.033697
2 0.244499 0.237162 0.065322 0.052897
7 0.138443 0.465044 0.013644 0.038523
7 0.603933 0.357321 0.015249 0.059925
