2 0.248929 0.365083 0.061009 0.075696
2 0.282552 0.465161 0.068631 0.096074
2 0.937367 0.397008 0.089271 0.077949
2 0.455051 0.464673 0.080809 0.092522
2 0.803854 0.802484 0.157545 0.158747
2 0.644180 0.607405 0.124256 0.117149
2 0.853515 0.658753 0.141393 0.126765
2 0.596844 0.513392 0.099005 0.094431
2 0.492461 0.575922 0.106022 0.118532
2 0.541223 0.697102 0.120899 0.139027
2 0.523285 0.459585 0.085405 0.093429
2 0.709528 0.579951 0.117883 0.108121
2 0.153645 0.222458 0.050297 0.061303
2 0.373447 0.344126 0.065471 0.072297
2 0.652616 0.384339 0.081837 0.066215
2 0.456681 0.222902 0.058021 0.050328
2 0.045706 0.439238 0.091352 0.096666
2 0.341200 0.191631 0.044414 0.042636
2 0.748867 0.893164 0.165025 0.178602
4 0.392144 0.136754 0.130804 0.108153
2 0.069285 0.158570 0.040500 0.043989
2 0.768429 0.693121 0.145405 0.128686
2 0.318796 0.153942 0.043897 0.043691
2 0.300218 0.197087 0.045094 0.044387
2 0.143106 0.105348 0.034119 0.034814
2 0.920067 0.965192 0.153860 0.068171
0 0.025315 0.563108 0.021627 0.094467
4 0.745359 0.336152 0.192741 0.180836
0 0.384103 0.927196 0.028966 0.138520
2 0.971312 0.534899 0.057377 0.096952
2 0.034769 0.394480 0.069188 0.054453
0 0.651084 0.220744 0.010760 0.044624
2 0.985094 0.735541 0.029812 0.101457
0 0.504922 0.177527 0.009859 0.042034
0 0.540184 0.184256 0.006941 0.043038
0 0.574625 0.194403 0.008066 0.036772
0 0.483904 0.173769 0.007906 0.038035
0 0.469131 0.170015 0.005743 0.032889
2 0.015252 0.360363 0.030448 0.043705
7 0.139148 0.464889 0.012594 0.040396
0 0.567629 0.190846 0.006998 0.040677
0 0.491663 0.174317 0.007766 0.044503
0 0.532261 0.181508 0.008372 0.041136
7 0.603014 0.358090 0.012898 0.055474
2 0.157470 0.066853 0.016432 0.026407
0 0.251192 0.097055 0.009676 0.039564
