2 0.224736 0.403982 0.061081 0.084366
2 0.501732 0.275537 0.069821 0.070858
2 0.290204 0.394681 0.082856 0.108651
2 0.335644 0.376952 0.063417 0.075833
2 0.938045 0.935306 0.123910 0.127542
2 0.754957 0.479874 0.108517 0.093877
2 0.045660 0.439243 0.091232 0.096302
2 0.937426 0.524874 0.124699 0.100480
2 0.134650 0.326434 0.049831 0.072979
2 0.089421 0.224530 0.040746 0.055027
2 0.281887 0.324230 0.057064 0.057323
0 0.514668 0.486738 0.021828 0.076021
0 0.535074 0.494244 0.018612 0.082989
4 0.703995 0.304214 0.169092 0.161654
0 0.452725 0.480733 0.016843 0.081005
0 0.616580 0.463405 0.021962 0.073857
0 0.497516 0.461846 0.017212 0.079306
2 0.173671 0.078384 0.046520 0.033534
2 0.034768 0.394301 0.069200 0.053642
0 0.935751 0.306433 0.014619 0.062342
0 0.781121 0.421344 0.019777 0.042972
2 0.319330 0.152978 0.044782 0.048409
4 0.373595 0.315520 0.160883 0.186856
5 0.225541 0.317255 0.079151 0.123289
0 0.918787 0.306382 0.011504 0.059431
0 0.521117 0.180141 0.008583 0.043587
0 0.868811 0.293401 0.010933 0.058571
0 0.952947 0.417808 0.011639 0.071463
0 0.028261 0.600030 0.018974 0.094313
0 0.057191 0.594739 0.017108 0.101826
0 0.941812 0.417351 0.013339 0.063084
0 0.420950 0.499705 0.014052 0.081591
0 0.952240 0.312921 0.011040 0.061919
0 0.565630 0.198230 0.006918 0.043247
0 0.745282 0.415946 0.019529 0.041210
0 0.415103 0.489513 0.010679 0.081812
0 0.514001 0.177494 0.006804 0.042788
0 0.503681 0.182647 0.010358 0.041762
0 0.444117 0.154237 0.006615 0.038482
2 0.015298 0.360097 0.030552 0.043545
0 0.603177 0.191385 0.006823 0.026534
6 0.603395 0.358758 0.013502 0.055177
0 0.393604 0.135633 0.006454 0.039941
0 0.460770 0.159173 0.008324 0.044876
0 0.342967 0.159977 0.005514 0.038101
0 0.245765 0.094887 0.006917 0.037052
0 0.430052 0.146763 0.006452 0.034546
0 0.571588 0.204077 0.010762 0.051336
0 0.043716 0.605000 0.019423 0.098822
6 0.139345 0.464541 0.012379 0.040367
0 0.552313 0.190260 0.007197 0.046613
4 0.250540 0.223574 0.121593 0.148813
0 0.498417 0.217979 0.007232 0.045125
0 0.405802 0.139496 0.007062 0.042956
0 0.467642 0.156909 0.007616 0.038766
0 0.946288 0.312106 0.009074 0.057400
0 0.538691 0.183740 0.007703 0.041961
0 0.210271 0.090443 0.004870 0.028076
2 0.992618 0.370920 0.014669 0.045095
0 0.331548 0.157698 0.009644 0.041755
