2 0.414964 0.443125 0.084971 0.092862
2 0.875648 0.669713 0.145247 0.128969
2 0.937488 0.397120 0.089320 0.078253
2 0.608237 0.522702 0.098385 0.096520
2 0.172945 0.439032 0.067299 0.104649
2 0.849757 0.835244 0.163958 0.172221
2 0.724739 0.391495 0.072976 0.070443
2 0.600090 0.654412 0.117682 0.129620
2 0.716167 0.584305 0.121378 0.108898
2 0.468620 0.553869 0.097050 0.111498
2 0.232340 0.306103 0.056823 0.063545
2 0.776433 0.692423 0.137960 0.130359
2 0.415061 0.372385 0.069290 0.072896
2 0.045714 0.439085 0.091428 0.096355
2 0.902487 0.513471 0.095581 0.107313
2 0.819941 0.919111 0.179777 0.161659
2 0.333807 0.174145 0.053426 0.043001
2 0.563316 0.543023 0.109458 0.112914
2 0.104157 0.234850 0.039958 0.055489
2 0.203210 0.164626 0.040819 0.041353
2 0.527417 0.455405 0.085118 0.081393
4 0.388899 0.136825 0.121753 0.108505
2 0.185947 0.130694 0.038674 0.040109
2 0.155369 0.095783 0.030632 0.032011
2 0.266338 0.157037 0.037724 0.041263
4 0.498133 0.178911 0.115544 0.113141
2 0.098439 0.082778 0.029932 0.031647
0 0.210147 0.753546 0.023013 0.116425
2 0.318412 0.150960 0.042850 0.037830
2 0.034710 0.394440 0.069104 0.054198
2 0.979954 0.843787 0.040091 0.143038
2 0.985714 0.954407 0.028572 0.090327
0 0.637407 0.215427 0.008574 0.043581
2 0.015263 0.360207 0.030471 0.043511
0 0.575007 0.194243 0.007265 0.036879
7 0.139467 0.464748 0.012159 0.040120
2 0.347960 0.242866 0.062927 0.055721
7 0.603011 0.358927 0.012727 0.055545
2 0.985205 0.748239 0.029589 0.126884
0 0.569549 0.190705 0.008235 0.041052
2 0.157317 0.067010 0.016432 0.026407
2 0.536918 0.808900 0.097913 0.206884
0 0.251001 0.095677 0.008870 0.042527
