2 0.409653 0.438994 0.083228 0.092124
2 0.463153 0.548960 0.096680 0.108802
2 0.875542 0.669765 0.145730 0.129086
2 0.161126 0.426928 0.071383 0.100131
2 0.937437 0.397044 0.089290 0.078045
2 0.715876 0.580969 0.121050 0.103130
2 0.756792 0.407804 0.075921 0.072890
2 0.595128 0.650102 0.116891 0.127227
2 0.767614 0.688475 0.136654 0.131646
2 0.414887 0.372548 0.069462 0.073681
2 0.045653 0.439093 0.091274 0.096494
2 0.846776 0.833882 0.163788 0.172110
2 0.609712 0.524321 0.095095 0.100048
2 0.096930 0.228798 0.038826 0.054635
2 0.275204 0.162570 0.038597 0.042352
2 0.554745 0.538780 0.107978 0.115751
2 0.224969 0.303181 0.055836 0.056955
2 0.335251 0.174602 0.053935 0.042664
2 0.219003 0.173584 0.042269 0.042859
2 0.527043 0.452509 0.085190 0.076261
2 0.806242 0.915960 0.176312 0.167113
2 0.367037 0.256790 0.056551 0.057785
2 0.953198 0.541233 0.093169 0.111249
4 0.388777 0.137043 0.122102 0.109026
2 0.195948 0.136273 0.039658 0.039627
4 0.498276 0.178838 0.115500 0.113351
2 0.164119 0.100432 0.031108 0.032004
0 0.207970 0.752408 0.024834 0.119933
2 0.106652 0.087130 0.030890 0.032124
2 0.318677 0.150456 0.043178 0.036757
2 0.034696 0.394314 0.069042 0.054123
0 0.637713 0.215601 0.008872 0.043267
2 0.984887 0.953560 0.030227 0.092381
2 0.979899 0.844841 0.040202 0.144946
2 0.015268 0.360231 0.030470 0.043717
2 0.985234 0.750308 0.029532 0.132496
0 0.574946 0.193972 0.006946 0.037217
7 0.602953 0.359260 0.012821 0.055794
7 0.139582 0.464812 0.012465 0.039858
0 0.569958 0.190615 0.007458 0.040806
2 0.157349 0.067011 0.016520 0.026200
2 0.548957 0.805333 0.075441 0.191190
0 0.251534 0.096432 0.008386 0.040137
