2 0.915606 0.461523 0.099758 0.083937
2 0.521320 0.352686 0.068390 0.066718
2 0.417569 0.371142 0.079533 0.095685
2 0.334112 0.368043 0.064673 0.074844
2 0.835525 0.548904 0.098925 0.094018
2 0.045565 0.439516 0.091130 0.097191
2 0.937339 0.392385 0.089312 0.069040
2 0.273897 0.316989 0.067021 0.083525
2 0.344015 0.326968 0.066866 0.066374
2 0.564200 0.297753 0.062102 0.051054
2 0.318886 0.154435 0.043798 0.044327
2 0.639813 0.385325 0.075003 0.067516
2 0.967007 0.614641 0.065841 0.106275
2 0.756827 0.374354 0.069144 0.084512
2 0.877918 0.882758 0.191423 0.145615
2 0.241105 0.240047 0.049124 0.045596
0 0.235089 0.700734 0.021209 0.104481
0 0.061851 0.484073 0.022527 0.089532
2 0.599812 0.335343 0.064621 0.052226
0 0.157852 0.499756 0.022951 0.080073
0 0.316951 0.566684 0.022965 0.090881
0 0.335458 0.505808 0.020847 0.078396
0 0.372127 0.559712 0.022106 0.094835
0 0.008369 0.537515 0.016738 0.085891
0 0.072062 0.586461 0.019451 0.087034
0 0.349038 0.606924 0.019717 0.102969
0 0.346170 0.786452 0.026742 0.110569
2 0.299351 0.293358 0.054864 0.052454
0 0.216932 0.528979 0.016578 0.089192
2 0.167316 0.247745 0.082088 0.047730
2 0.035007 0.394221 0.069692 0.053642
0 0.279094 0.527187 0.016045 0.089209
0 0.228885 0.533360 0.025403 0.081017
0 0.343009 0.566695 0.017909 0.091692
0 0.408878 0.522204 0.012581 0.086944
0 0.479187 0.164717 0.008066 0.041389
0 0.564391 0.198998 0.011753 0.043250
0 0.418680 0.530232 0.012751 0.083772
0 0.588455 0.208629 0.010698 0.053630
2 0.285251 0.373241 0.022897 0.070492
0 0.445754 0.152680 0.008282 0.040718
2 0.015303 0.359948 0.030544 0.043127
6 0.139322 0.464180 0.012375 0.040146
4 0.205318 0.337663 0.140334 0.239253
0 0.548740 0.190060 0.007216 0.045044
0 0.460907 0.159076 0.008442 0.039885
0 0.594982 0.214762 0.008069 0.050610
0 0.510216 0.176736 0.006319 0.035209
0 0.600786 0.217698 0.007068 0.050912
0 0.183563 0.073438 0.005576 0.032111
2 0.991809 0.370465 0.016313 0.060198
0 0.487628 0.170202 0.008092 0.042118
6 0.603120 0.357460 0.013686 0.057912
0 0.453790 0.152983 0.006986 0.039709
0 0.435842 0.149001 0.009732 0.039850
0 0.371929 0.114523 0.007646 0.032395
0 0.532145 0.181627 0.007414 0.042504
0 0.537786 0.184446 0.006178 0.043400
0 0.572403 0.202870 0.008692 0.051090
0 0.497190 0.180955 0.005376 0.025855
0 0.430884 0.147071 0.005926 0.033046
0 0.250585 0.093652 0.008708 0.040711
