2 0.417671 0.370837 0.079575 0.095148
2 0.937181 0.392970 0.089108 0.068827
2 0.815248 0.502829 0.089057 0.086721
2 0.334145 0.368017 0.064602 0.075079
2 0.919761 0.461556 0.104636 0.079889
2 0.531229 0.331751 0.076170 0.064732
2 0.274019 0.317044 0.067131 0.083444
2 0.045967 0.438841 0.090677 0.095975
2 0.369604 0.201404 0.042291 0.057027
2 0.564914 0.274000 0.067646 0.054828
2 0.280496 0.162189 0.038401 0.039069
2 0.451180 0.279000 0.062827 0.056616
2 0.190251 0.131100 0.035835 0.037185
2 0.319027 0.154574 0.043512 0.044200
2 0.123462 0.113822 0.031523 0.036014
2 0.347969 0.330074 0.065413 0.067387
2 0.188600 0.214899 0.050296 0.053060
2 0.240980 0.240034 0.049201 0.045028
2 0.458822 0.247085 0.056283 0.050797
0 0.284199 0.773528 0.020556 0.111834
2 0.257289 0.140357 0.034397 0.033809
0 0.173142 0.686600 0.021851 0.099133
0 0.257247 0.689784 0.026267 0.106753
0 0.325712 0.713287 0.027765 0.117682
0 0.285680 0.681964 0.021668 0.103191
2 0.167563 0.247536 0.082235 0.048046
2 0.300340 0.292860 0.055636 0.052083
0 0.924879 0.340349 0.009930 0.042143
0 0.281135 0.594269 0.021981 0.091582
2 0.034898 0.394009 0.069467 0.053406
0 0.347996 0.785958 0.027027 0.111054
0 0.065263 0.575553 0.013971 0.089055
0 0.051076 0.599890 0.020082 0.092124
0 0.097742 0.518609 0.019545 0.086733
0 0.614041 0.211903 0.011408 0.045493
0 0.477656 0.164549 0.007903 0.041448
2 0.285164 0.372969 0.022836 0.071318
0 0.586052 0.222441 0.012929 0.050912
0 0.319160 0.649907 0.019945 0.065471
0 0.564145 0.199145 0.011614 0.043440
0 0.594897 0.214671 0.007657 0.047505
0 0.020415 0.524848 0.016352 0.074735
2 0.015303 0.359946 0.030510 0.043075
6 0.603209 0.359164 0.014146 0.056326
6 0.139317 0.464615 0.012555 0.040841
0 0.548132 0.190678 0.007809 0.044576
0 0.510202 0.177072 0.005810 0.034634
0 0.532195 0.181641 0.007941 0.042101
4 0.205033 0.337904 0.140174 0.239538
0 0.940062 0.345212 0.008724 0.033210
0 0.445541 0.152913 0.007475 0.039767
0 0.436154 0.148719 0.009832 0.040033
0 0.571170 0.203838 0.007298 0.050040
0 0.004957 0.528800 0.009915 0.090715
0 0.269082 0.587943 0.016951 0.098267
0 0.019414 0.586102 0.017317 0.091033
0 0.575069 0.194114 0.006213 0.036565
0 0.032122 0.601476 0.018098 0.103338
0 0.251495 0.095091 0.007526 0.039660
