2 0.937362 0.397251 0.089323 0.077561
2 0.336914 0.385817 0.070716 0.079929
2 0.419741 0.377115 0.070029 0.075473
2 0.218665 0.399736 0.067565 0.082035
2 0.534864 0.608444 0.106364 0.121981
2 0.516349 0.453518 0.083640 0.091962
2 0.271905 0.387510 0.055842 0.079690
2 0.163827 0.281178 0.055988 0.078176
2 0.696013 0.648500 0.134935 0.132952
2 0.635922 0.681170 0.122983 0.133943
2 0.045669 0.438984 0.091337 0.096379
2 0.927582 0.798667 0.144837 0.187461
2 0.219272 0.335108 0.057797 0.067242
2 0.096450 0.140264 0.030923 0.047232
2 0.281319 0.138289 0.043739 0.040995
4 0.486930 0.174703 0.114914 0.111511
4 0.375851 0.128614 0.122087 0.104045
2 0.177017 0.078184 0.048546 0.033973
0 0.945941 0.323834 0.016229 0.058252
5 0.066717 0.141381 0.044390 0.079139
0 0.249057 0.783726 0.020671 0.119294
0 0.875568 0.433349 0.015733 0.067436
2 0.068087 0.078102 0.025543 0.035881
2 0.034735 0.394352 0.069128 0.054283
2 0.111707 0.247914 0.036603 0.052465
0 0.596521 0.210912 0.008536 0.044122
0 0.756010 0.281404 0.008431 0.042208
0 0.817030 0.299731 0.009928 0.055286
0 0.865550 0.427180 0.012478 0.069091
0 0.652351 0.227088 0.011625 0.045526
0 0.631673 0.225231 0.010438 0.052162
0 0.555936 0.186175 0.009069 0.041261
0 0.640014 0.214487 0.008307 0.042589
6 0.603569 0.358732 0.013608 0.055623
2 0.015284 0.360146 0.030477 0.043428
0 0.575027 0.193189 0.008123 0.039416
2 0.129718 0.080347 0.026073 0.030511
6 0.139278 0.464469 0.012371 0.040387
0 0.660175 0.224624 0.007352 0.048998
2 0.986782 0.744651 0.026435 0.124494
0 0.696115 0.257513 0.006643 0.041784
2 0.988158 0.370606 0.023684 0.045618
0 0.567375 0.190448 0.007121 0.041314
2 0.218981 0.063351 0.040303 0.039590
0 0.251596 0.094500 0.007257 0.039660
