2 0.450739 0.454690 0.082391 0.091953
2 0.323346 0.359707 0.065028 0.073842
2 0.952732 0.401691 0.076851 0.070392
2 0.884156 0.686093 0.143555 0.133179
2 0.941678 0.940771 0.116198 0.115612
2 0.774232 0.533992 0.098048 0.088551
2 0.750279 0.696032 0.129839 0.136446
2 0.589255 0.733396 0.140221 0.190540
2 0.193169 0.318710 0.055796 0.066507
2 0.045652 0.439739 0.090800 0.095849
2 0.481797 0.563256 0.097075 0.109475
2 0.569406 0.633936 0.116306 0.110030
2 0.614382 0.577651 0.114251 0.133433
2 0.373002 0.468673 0.086487 0.111514
2 0.513859 0.516352 0.090497 0.097644
2 0.201363 0.216981 0.050323 0.054910
2 0.826141 0.503429 0.106064 0.086972
2 0.739817 0.569710 0.133189 0.109337
2 0.302222 0.411750 0.077177 0.089551
2 0.591497 0.490120 0.076094 0.077090
2 0.965066 0.857091 0.069553 0.107264
2 0.619746 0.333866 0.073440 0.068412
0 0.280635 0.791703 0.023258 0.124530
2 0.290452 0.177524 0.040835 0.040561
2 0.423541 0.235785 0.052584 0.046718
2 0.275255 0.273332 0.051183 0.065878
2 0.975261 0.510541 0.049183 0.062013
2 0.318760 0.153776 0.043905 0.043787
0 0.263713 0.740778 0.019418 0.123200
0 0.940823 0.314669 0.013950 0.058448
2 0.234764 0.289520 0.053289 0.064817
0 0.154564 0.535267 0.015198 0.094225
2 0.951912 0.792140 0.095818 0.136447
0 0.103229 0.670481 0.022774 0.086031
2 0.127952 0.111560 0.033367 0.035960
2 0.035052 0.392210 0.069576 0.051291
0 0.581675 0.204252 0.011431 0.052004
2 0.383493 0.339301 0.066753 0.064685
2 0.090736 0.076259 0.030433 0.031173
2 0.393695 0.389320 0.062575 0.113392
0 0.950390 0.312595 0.010149 0.056648
0 0.956894 0.314538 0.009810 0.060949
0 0.537170 0.184804 0.008984 0.045949
3 0.098880 0.704757 0.056844 0.070239
2 0.138444 0.271187 0.049382 0.060757
0 0.511975 0.178578 0.007513 0.041464
0 0.563079 0.199018 0.007620 0.042327
0 0.482574 0.165966 0.005555 0.036559
0 0.601111 0.192212 0.006892 0.026407
0 0.571230 0.198989 0.006812 0.042108
0 0.937079 0.306912 0.011041 0.059517
0 0.551172 0.191310 0.008745 0.045680
0 0.496306 0.166084 0.009735 0.046333
0 0.437248 0.151065 0.006646 0.044270
0 0.395182 0.130149 0.007380 0.037553
0 0.463098 0.153467 0.007383 0.038131
2 0.989091 0.370861 0.021515 0.043069
0 0.430694 0.150301 0.006834 0.041933
2 0.015565 0.358029 0.031078 0.039664
5 0.823808 0.432522 0.087135 0.091335
0 0.619407 0.214720 0.009717 0.046058
2 0.002946 0.540292 0.005855 0.020434
0 0.085559 0.692750 0.024160 0.050958
2 0.823744 0.432102 0.087505 0.089964
0 0.501795 0.174484 0.010428 0.033766
2 0.062243 0.343347 0.038609 0.072568
0 0.447184 0.146259 0.006110 0.039636
0 0.619391 0.204452 0.009521 0.025578
2 0.041112 0.343051 0.081139 0.074197
2 0.189592 0.066409 0.031563 0.033796
0 0.422670 0.144501 0.011402 0.032085
2 0.156925 0.066470 0.016261 0.026525
7 0.139647 0.465044 0.012841 0.047084
7 0.602729 0.359461 0.016051 0.058498
