2 0.336782 0.385892 0.071022 0.080022
2 0.419829 0.377317 0.069926 0.075870
2 0.728609 0.591907 0.119349 0.114416
2 0.825299 0.727422 0.144413 0.137470
2 0.875380 0.669932 0.146603 0.130025
2 0.253069 0.371013 0.054546 0.077664
2 0.622236 0.671548 0.121509 0.131993
2 0.906133 0.877631 0.175162 0.180080
2 0.045725 0.439082 0.091373 0.096655
2 0.059554 0.766792 0.118635 0.184630
2 0.532482 0.464661 0.084930 0.092262
2 0.651554 0.607618 0.126876 0.131968
2 0.283642 0.162994 0.036025 0.040557
2 0.118472 0.240791 0.052546 0.066912
2 0.516712 0.593020 0.103938 0.116529
2 0.606176 0.515341 0.101132 0.081729
2 0.404770 0.218815 0.043095 0.060919
2 0.180450 0.308202 0.052416 0.057218
2 0.665238 0.367304 0.080467 0.064514
2 0.235543 0.160974 0.035448 0.050737
2 0.315497 0.152557 0.042870 0.043609
4 0.388617 0.136934 0.122429 0.107851
2 0.521265 0.525468 0.103351 0.105741
2 0.167422 0.099059 0.036373 0.034629
4 0.498859 0.178740 0.117552 0.113505
2 0.907619 0.959430 0.159503 0.080051
2 0.937398 0.395949 0.089027 0.076629
2 0.077815 0.207649 0.026600 0.051005
0 0.247821 0.781671 0.021769 0.120199
2 0.975547 0.575946 0.048801 0.093372
2 0.034789 0.394451 0.069249 0.054490
0 0.605663 0.217526 0.011872 0.049200
0 0.636479 0.215182 0.007739 0.044306
0 0.948057 0.414661 0.015823 0.067369
0 0.570746 0.201674 0.011282 0.042311
0 0.958474 0.418406 0.012578 0.064165
2 0.982450 0.846746 0.035099 0.144198
2 0.371855 0.235652 0.054491 0.054152
2 0.015268 0.360176 0.030499 0.043394
0 0.576222 0.194421 0.007272 0.037696
6 0.139421 0.464308 0.012282 0.039890
0 0.564166 0.184905 0.006599 0.042965
2 0.986079 0.736834 0.027841 0.101924
6 0.603145 0.358573 0.012881 0.054455
0 0.250345 0.095391 0.008026 0.035505
