2 0.906270 0.912814 0.184725 0.170210
2 0.259004 0.311022 0.055104 0.067083
2 0.643420 0.412439 0.087434 0.072967
2 0.212722 0.395512 0.064886 0.083612
2 0.328214 0.366717 0.072809 0.077403
2 0.308844 0.424264 0.073792 0.085849
2 0.708431 0.757077 0.145987 0.179849
2 0.407421 0.364729 0.072368 0.087579
5 0.758108 0.384155 0.119878 0.130722
2 0.045429 0.439664 0.090379 0.095976
2 0.240549 0.345034 0.062772 0.079707
2 0.250150 0.945081 0.209928 0.107040
2 0.559392 0.303419 0.066096 0.055636
4 0.451256 0.158100 0.111569 0.108001
2 0.164777 0.342329 0.054293 0.070939
2 0.444431 0.217164 0.049742 0.044601
2 0.908787 0.518656 0.124414 0.090723
2 0.250551 0.190823 0.043669 0.042115
2 0.187504 0.306435 0.054800 0.057846
2 0.146645 0.414704 0.065001 0.083995
2 0.442601 0.527626 0.088831 0.106805
2 0.881516 0.767424 0.156881 0.181900
0 0.286478 0.518642 0.017265 0.087616
2 0.523288 0.603770 0.118176 0.125418
0 0.069525 0.476003 0.027987 0.083892
0 0.948950 0.314610 0.017748 0.059438
4 0.342851 0.118311 0.124989 0.100471
2 0.381542 0.185982 0.037946 0.040147
0 0.963601 0.411196 0.016687 0.071219
0 0.763020 0.277024 0.013784 0.048870
2 0.034220 0.392180 0.068070 0.050835
2 0.371483 0.228291 0.051797 0.046044
2 0.348170 0.250188 0.047241 0.054143
0 0.915290 0.380420 0.011553 0.059840
0 0.685303 0.250390 0.013618 0.048077
0 0.932161 0.387546 0.010991 0.057366
2 0.325424 0.319297 0.061844 0.061247
0 0.973938 0.411311 0.010188 0.055049
0 0.580875 0.203718 0.010262 0.052062
0 0.562809 0.188948 0.010047 0.040485
0 0.568504 0.199579 0.009630 0.042004
0 0.312556 0.507659 0.011301 0.079480
0 0.953488 0.406916 0.014329 0.063442
2 0.077101 0.207976 0.026361 0.050315
0 0.957037 0.313352 0.010430 0.061260
0 0.935014 0.313110 0.015602 0.054129
0 0.834719 0.264215 0.009441 0.036372
2 0.973378 0.887441 0.053013 0.114206
0 0.535476 0.195083 0.006253 0.040096
0 0.597554 0.210775 0.007783 0.050039
2 0.318865 0.152970 0.044354 0.045915
2 0.015491 0.358018 0.030811 0.039195
0 0.529630 0.193273 0.004382 0.024428
2 0.084134 0.266284 0.029051 0.067850
0 0.335333 0.157683 0.009616 0.044672
5 0.139327 0.214670 0.107213 0.110071
0 0.513749 0.178790 0.006682 0.040697
0 0.552148 0.190906 0.007854 0.045167
0 0.524449 0.182630 0.008855 0.042601
0 0.601913 0.191750 0.007035 0.025687
0 0.333822 0.158109 0.007081 0.043476
0 0.546438 0.192993 0.009333 0.045626
0 0.208354 0.089826 0.008959 0.037828
6 0.138042 0.464330 0.014446 0.039950
6 0.603531 0.359461 0.014446 0.058498
