2 0.937483 0.397269 0.089281 0.077707
2 0.336901 0.385688 0.070781 0.079699
2 0.218678 0.399852 0.067534 0.082235
2 0.419764 0.377578 0.070000 0.076370
2 0.534893 0.608216 0.106365 0.121952
2 0.271997 0.387634 0.055941 0.080014
2 0.516362 0.453440 0.083712 0.091932
2 0.163822 0.281061 0.056065 0.077940
2 0.708443 0.657096 0.137007 0.136818
2 0.635933 0.680910 0.122756 0.133153
2 0.045701 0.439089 0.091403 0.096274
2 0.219281 0.334933 0.057783 0.066849
2 0.105108 0.146493 0.033147 0.047891
2 0.277851 0.136957 0.043764 0.041453
4 0.485565 0.174123 0.114514 0.110110
2 0.935324 0.811045 0.129352 0.196530
5 0.074103 0.146092 0.044428 0.082935
4 0.375190 0.128044 0.124124 0.103924
2 0.175212 0.078211 0.049895 0.034161
0 0.248151 0.783807 0.020639 0.118460
0 0.858519 0.429631 0.016270 0.070301
2 0.034779 0.394314 0.069231 0.054164
0 0.758586 0.282158 0.008789 0.043723
2 0.111659 0.247897 0.036509 0.052271
0 0.943132 0.322006 0.010835 0.059166
0 0.599839 0.212251 0.008361 0.045202
0 0.869672 0.433378 0.013543 0.068146
0 0.556500 0.186103 0.008863 0.042065
0 0.655638 0.226612 0.009160 0.048503
6 0.603665 0.358402 0.013486 0.055584
0 0.634851 0.225241 0.009273 0.052612
2 0.015281 0.360033 0.030500 0.043026
0 0.938310 0.232388 0.008080 0.038339
6 0.139352 0.464392 0.012343 0.040377
0 0.575097 0.192755 0.008460 0.039390
0 0.696672 0.259455 0.005753 0.038704
0 0.661778 0.226788 0.010082 0.051684
0 0.567102 0.190514 0.006783 0.040010
2 0.988025 0.370856 0.023922 0.046367
0 0.930357 0.230031 0.006067 0.032980
0 0.815070 0.289976 0.005055 0.036200
0 0.640492 0.218959 0.007147 0.053460
0 0.251278 0.094731 0.008515 0.040596
