2 0.887782 0.903016 0.182231 0.177736
2 0.872396 0.760008 0.155884 0.178007
2 0.686198 0.738163 0.141918 0.173279
2 0.212767 0.395770 0.064940 0.084368
2 0.328362 0.366860 0.072852 0.076822
2 0.977842 0.569632 0.043975 0.067746
4 0.462911 0.162317 0.113942 0.109007
2 0.045632 0.439696 0.090860 0.095689
2 0.240552 0.345799 0.062551 0.079283
2 0.146650 0.414735 0.064863 0.083839
2 0.407528 0.364447 0.072390 0.087934
2 0.308950 0.424025 0.074012 0.085898
2 0.523121 0.603325 0.118170 0.127408
2 0.973048 0.888747 0.053621 0.115609
2 0.442669 0.527388 0.088903 0.105456
2 0.817819 0.516770 0.119757 0.086153
2 0.139683 0.214113 0.040630 0.051834
2 0.254429 0.307577 0.054691 0.066777
2 0.936316 0.483868 0.100997 0.081030
2 0.163724 0.340368 0.052326 0.071723
2 0.852764 0.489212 0.114849 0.087386
4 0.356154 0.122825 0.125382 0.101728
0 0.590190 0.463107 0.023857 0.080403
0 0.534030 0.459862 0.024930 0.082168
2 0.444384 0.217222 0.049963 0.045347
2 0.187463 0.307103 0.054183 0.057449
0 0.941278 0.314715 0.015592 0.059750
2 0.312447 0.301731 0.059639 0.066692
2 0.382729 0.186905 0.038184 0.040957
2 0.319176 0.153269 0.044594 0.046833
0 0.777416 0.431638 0.019813 0.072994
0 0.972270 0.405495 0.015004 0.069684
2 0.087777 0.093089 0.027891 0.033506
2 0.034358 0.392333 0.068361 0.051073
0 0.665725 0.433880 0.010676 0.051853
0 0.981744 0.408779 0.012137 0.057876
0 0.579100 0.203967 0.008940 0.050807
0 0.956563 0.314289 0.010823 0.060650
0 0.568168 0.198370 0.007112 0.042890
0 0.538142 0.192388 0.008541 0.044233
2 0.188350 0.261951 0.046489 0.054966
5 0.073656 0.184861 0.046386 0.095181
0 0.653567 0.462925 0.014846 0.065909
2 0.102533 0.175638 0.016387 0.047322
0 0.602645 0.206288 0.008941 0.055145
0 0.949960 0.312499 0.010274 0.057266
5 0.111603 0.279096 0.038964 0.093393
0 0.523828 0.179876 0.008496 0.042122
0 0.640591 0.451730 0.010193 0.062759
2 0.015338 0.358262 0.030594 0.039769
6 0.138443 0.465757 0.013644 0.039950
6 0.603933 0.360175 0.013644 0.054218
