2 0.902391 0.829319 0.162206 0.163574
2 0.775124 0.917156 0.168732 0.163129
5 0.361950 0.420779 0.148552 0.200308
2 0.533928 0.285030 0.062711 0.056780
2 0.045628 0.439907 0.090838 0.095522
2 0.582221 0.635749 0.114160 0.113172
2 0.241044 0.359757 0.062904 0.076711
2 0.915016 0.513090 0.112386 0.089760
2 0.237218 0.427679 0.064186 0.087838
5 0.595667 0.710222 0.114064 0.206972
2 0.342490 0.194021 0.046113 0.044580
2 0.261509 0.319550 0.057543 0.064429
2 0.192972 0.209776 0.045023 0.051107
2 0.347361 0.538777 0.094552 0.109271
2 0.582140 0.488655 0.114421 0.126287
0 0.052525 0.663947 0.033610 0.107432
2 0.462307 0.617408 0.108518 0.138592
2 0.227718 0.132130 0.036705 0.037394
0 0.243074 0.786245 0.020307 0.120944
0 0.032649 0.600903 0.018349 0.094705
0 0.160155 0.725685 0.022136 0.112372
2 0.724507 0.673977 0.122550 0.128255
0 0.911646 0.393286 0.014833 0.064946
0 0.315083 0.737480 0.028397 0.109487
2 0.033970 0.392292 0.067539 0.051190
2 0.915578 0.731570 0.148163 0.141696
2 0.079080 0.134467 0.032495 0.040931
0 0.949417 0.412571 0.015384 0.073093
2 0.105679 0.238499 0.048462 0.071845
5 0.156203 0.219780 0.041007 0.079656
2 0.120991 0.315477 0.054664 0.058403
2 0.259831 0.164981 0.043842 0.038865
0 0.916975 0.305837 0.011140 0.058884
0 0.668521 0.305319 0.014919 0.059556
2 0.571811 0.559591 0.100292 0.105069
2 0.970384 0.978210 0.059016 0.043291
0 0.963320 0.417634 0.011667 0.070785
2 0.408297 0.195527 0.046130 0.034072
5 0.425737 0.242995 0.055118 0.091663
0 0.838039 0.313995 0.011471 0.043147
0 0.058398 0.590364 0.014579 0.095375
2 0.319026 0.151605 0.045059 0.049066
0 0.937011 0.306767 0.014685 0.065859
0 0.955612 0.313605 0.010680 0.061540
0 0.581153 0.203915 0.010812 0.051730
0 0.568551 0.198977 0.009892 0.041735
0 0.265197 0.782851 0.023933 0.113566
0 0.949625 0.311784 0.009393 0.055363
0 0.505337 0.182501 0.007577 0.042777
2 0.745836 0.775717 0.142336 0.165933
2 0.107866 0.086458 0.029938 0.031461
0 0.598797 0.208179 0.012026 0.056235
0 0.513824 0.177608 0.007111 0.042522
0 0.395162 0.135349 0.006874 0.040229
2 0.074587 0.207916 0.021473 0.051618
2 0.015481 0.358006 0.030783 0.039809
0 0.551858 0.190561 0.008047 0.046253
0 0.486754 0.164707 0.006588 0.037240
5 0.318851 0.267226 0.179644 0.181491
0 0.495647 0.171716 0.008964 0.031965
0 0.524587 0.182328 0.007991 0.047489
0 0.349417 0.153217 0.008371 0.039571
2 0.992150 0.367267 0.015459 0.039478
0 0.463309 0.156087 0.008556 0.036390
0 0.444505 0.152720 0.007310 0.040216
0 0.436406 0.151726 0.007991 0.043122
0 0.452241 0.155856 0.008166 0.041248
0 0.431502 0.148137 0.009203 0.045626
0 0.208353 0.089385 0.005617 0.033989
7 0.139647 0.462904 0.011236 0.042804
7 0.603130 0.362315 0.013644 0.058498
