2 0.912036 0.836567 0.163307 0.164209
2 0.787105 0.922468 0.171209 0.152673
2 0.939526 0.758935 0.120622 0.150802
2 0.045693 0.439749 0.090908 0.095495
2 0.248729 0.366807 0.064082 0.078379
2 0.248802 0.162391 0.042958 0.045806
2 0.861776 0.485145 0.105793 0.088665
2 0.356198 0.545825 0.095746 0.109526
5 0.368944 0.428828 0.148214 0.204017
2 0.244758 0.435304 0.064957 0.088640
5 0.162477 0.224286 0.042008 0.080295
5 0.608132 0.720922 0.115879 0.210074
2 0.272628 0.328933 0.056504 0.064705
2 0.586685 0.571561 0.103107 0.105378
2 0.513014 0.274767 0.060978 0.056462
2 0.199434 0.213590 0.044177 0.051751
2 0.218465 0.127297 0.035826 0.036702
5 0.402549 0.232842 0.064184 0.088384
2 0.328434 0.186675 0.044542 0.044375
0 0.045452 0.658073 0.026232 0.105960
2 0.603607 0.501076 0.117945 0.126126
2 0.133318 0.321365 0.048729 0.064106
0 0.058003 0.592406 0.014882 0.098828
0 0.910832 0.393181 0.013228 0.065143
0 0.033176 0.601421 0.016622 0.094585
0 0.149526 0.721377 0.020191 0.111502
2 0.034844 0.392436 0.069347 0.050988
2 0.738380 0.682792 0.124949 0.130067
0 0.949520 0.413111 0.015549 0.072879
2 0.084316 0.138296 0.034569 0.040602
0 0.671050 0.307432 0.012039 0.061153
2 0.471752 0.626444 0.109876 0.141206
0 0.963068 0.417901 0.011725 0.070933
0 0.916856 0.306060 0.011153 0.058911
2 0.100490 0.082758 0.026851 0.030273
0 0.241018 0.776869 0.023344 0.115439
0 0.842581 0.314391 0.009919 0.042589
0 0.257022 0.775230 0.020230 0.110363
2 0.588712 0.632771 0.109933 0.093328
0 0.310513 0.730480 0.028513 0.109911
0 0.936817 0.307950 0.013855 0.064325
0 0.581125 0.203869 0.010642 0.052149
2 0.319184 0.149295 0.044915 0.044962
0 0.568600 0.198902 0.009904 0.042533
0 0.955129 0.313665 0.011455 0.061304
2 0.112253 0.239068 0.056663 0.070044
0 0.599127 0.208116 0.011345 0.056259
0 0.505359 0.183227 0.007394 0.041602
2 0.978463 0.984179 0.042585 0.031058
2 0.075515 0.211001 0.023129 0.051844
0 0.395273 0.135682 0.007184 0.039810
0 0.513864 0.177879 0.007296 0.042498
0 0.949502 0.312485 0.009966 0.056414
2 0.015359 0.357690 0.030538 0.039246
0 0.486707 0.164767 0.006544 0.036203
2 0.761536 0.790130 0.144984 0.170814
0 0.714775 0.249248 0.006826 0.043433
0 0.552010 0.190412 0.007414 0.046166
2 0.992250 0.367582 0.015147 0.038417
5 0.761439 0.790543 0.144663 0.172640
0 0.495570 0.171684 0.008949 0.031317
0 0.444636 0.152349 0.007131 0.040535
0 0.349234 0.155990 0.008823 0.047195
0 0.463348 0.157009 0.008391 0.034961
0 0.436373 0.151521 0.007564 0.043103
2 0.446306 0.453926 0.014621 0.049854
0 0.451242 0.154915 0.007116 0.040005
2 0.993428 0.180244 0.012888 0.041468
0 0.524616 0.190902 0.006455 0.030682
0 0.520121 0.180528 0.007152 0.038762
0 0.524777 0.182568 0.007362 0.047662
7 0.139246 0.466470 0.013644 0.041377
7 0.603933 0.358748 0.012039 0.051364
