2 0.562098 0.600201 0.119782 0.145630
2 0.742653 0.760887 0.152679 0.175472
2 0.227168 0.428466 0.071698 0.082346
2 0.205357 0.344727 0.059388 0.066707
2 0.317791 0.316414 0.060185 0.074080
2 0.718876 0.388033 0.080778 0.071562
2 0.480571 0.489957 0.093749 0.113913
2 0.786162 0.660610 0.125357 0.134434
2 0.230627 0.542564 0.068238 0.100916
2 0.537313 0.364349 0.069864 0.067621
4 0.355788 0.133352 0.098225 0.089537
2 0.574479 0.502871 0.094701 0.097709
2 0.174618 0.447202 0.075382 0.100543
2 0.498862 0.298669 0.058557 0.054621
2 0.275320 0.193808 0.045104 0.043792
2 0.163959 0.261706 0.047630 0.054682
2 0.437860 0.217620 0.049485 0.043537
2 0.229034 0.148210 0.032273 0.036215
2 0.362779 0.186937 0.041723 0.041605
2 0.447513 0.407405 0.072666 0.069637
4 0.460979 0.169388 0.115650 0.105266
2 0.159046 0.134820 0.034057 0.034607
2 0.876178 0.928777 0.176561 0.142447
2 0.070908 0.107381 0.030817 0.037631
2 0.186479 0.116407 0.036208 0.033031
2 0.248236 0.918198 0.200973 0.157929
2 0.215385 0.242525 0.046428 0.046736
2 0.352645 0.385606 0.059934 0.090053
2 0.041232 0.453681 0.082437 0.103488
0 0.243987 0.765535 0.028948 0.117620
2 0.122608 0.225846 0.041051 0.047262
2 0.095201 0.101003 0.026419 0.030011
2 0.355001 0.246500 0.047816 0.036724
0 0.955935 0.401779 0.013590 0.071811
0 0.332074 0.807159 0.030798 0.120532
0 0.606326 0.225874 0.008075 0.041258
0 0.826429 0.296786 0.013004 0.047841
2 0.236159 0.312660 0.039828 0.046499
0 0.619943 0.217654 0.010597 0.044795
0 0.574368 0.205711 0.008564 0.049507
0 0.658358 0.240029 0.008875 0.049928
2 0.123765 0.098292 0.024877 0.030729
0 0.403251 0.974741 0.026261 0.050517
0 0.432607 0.982362 0.027126 0.035276
0 0.627695 0.204630 0.007371 0.044125
0 0.591816 0.197141 0.008105 0.047792
1 0.321841 0.830933 0.026245 0.053922
4 0.393458 0.524674 0.166744 0.225613
0 0.995458 0.342482 0.008762 0.056279
0 0.538758 0.198588 0.012793 0.042281
5 0.072240 0.195373 0.079678 0.148873
0 0.578883 0.188445 0.008089 0.043106
0 0.609577 0.193646 0.006884 0.037864
0 0.552977 0.194772 0.008476 0.042156
0 0.930274 0.253831 0.009197 0.035289
0 0.601198 0.196505 0.008183 0.043204
7 0.137876 0.486363 0.012980 0.041350
2 0.153024 0.082830 0.015601 0.026439
0 0.691763 0.251232 0.009676 0.052294
7 0.607945 0.356608 0.016854 0.061352
