2 0.348270 0.397510 0.069219 0.078940
2 0.475833 0.570757 0.106089 0.129589
2 0.459884 0.414961 0.076643 0.082667
2 0.391057 0.363451 0.070126 0.076459
2 0.499989 0.495402 0.089581 0.100987
2 0.566938 0.562422 0.086882 0.109791
2 0.971321 0.385346 0.057287 0.069745
0 0.093900 0.545397 0.021846 0.084694
4 0.374492 0.139232 0.134705 0.103034
2 0.159501 0.130630 0.029928 0.045024
2 0.420246 0.212432 0.055394 0.043424
2 0.362958 0.186935 0.041304 0.041551
2 0.209496 0.156774 0.038244 0.039483
2 0.274082 0.174542 0.035365 0.039778
0 0.891501 0.422166 0.022270 0.072485
0 0.083595 0.701688 0.026562 0.116582
2 0.085761 0.096916 0.028952 0.031300
2 0.041359 0.453688 0.082558 0.103831
0 0.788708 0.444187 0.015625 0.075395
2 0.402305 0.496143 0.072718 0.118044
0 0.827468 0.430435 0.020113 0.073094
0 0.816847 0.403446 0.015239 0.076905
0 0.286015 0.541881 0.014311 0.077827
0 0.864916 0.393192 0.013838 0.069284
2 0.127179 0.114732 0.031702 0.036091
0 0.933979 0.372684 0.015881 0.071196
2 0.211364 0.135076 0.034611 0.028479
0 0.910828 0.366533 0.011171 0.062964
0 0.574211 0.206296 0.008566 0.049199
2 0.283671 0.397261 0.040979 0.076499
0 0.352259 0.499590 0.021757 0.083829
0 0.618857 0.217985 0.009058 0.045195
0 0.478984 0.165096 0.007133 0.040986
2 0.136160 0.090508 0.021509 0.026964
0 0.777758 0.275466 0.009605 0.054104
0 0.471582 0.168202 0.008415 0.044112
0 0.914959 0.300145 0.009133 0.056985
0 0.629986 0.204330 0.008230 0.045479
0 0.888077 0.314205 0.014097 0.056218
0 0.926123 0.332925 0.009534 0.044187
0 0.542196 0.186258 0.006962 0.042634
0 0.552491 0.195523 0.007408 0.039464
0 0.658478 0.239894 0.009066 0.049834
0 0.462949 0.169384 0.008526 0.043114
0 0.535764 0.199210 0.008929 0.042219
0 0.608969 0.196855 0.006705 0.045077
0 0.590450 0.188224 0.006852 0.044717
0 0.045494 0.621288 0.020660 0.091938
6 0.137832 0.486356 0.013018 0.043412
2 0.214653 0.078188 0.040104 0.038070
0 0.601149 0.196872 0.008723 0.043339
0 0.757836 0.276915 0.008953 0.043587
0 0.950372 0.346910 0.015502 0.050604
0 0.966638 0.337207 0.009431 0.038304
0 0.562955 0.188162 0.008544 0.046152
0 0.929714 0.254873 0.008342 0.038087
0 0.613496 0.198635 0.006551 0.042864
0 0.578585 0.188883 0.008537 0.039722
2 0.152991 0.083033 0.016100 0.026678
0 0.959064 0.340057 0.008463 0.041286
6 0.606622 0.362492 0.012957 0.054428
0 0.023768 0.642703 0.020735 0.080498
0 0.043627 0.564727 0.026922 0.092429
0 0.891624 0.307043 0.007830 0.064973
0 0.016654 0.577132 0.018188 0.082732
5 0.800963 0.744694 0.398074 0.509363
4 0.188604 0.372302 0.157303 0.215445
0 0.691011 0.250312 0.016051 0.057072
