4 0.389867 0.140327 0.100736 0.095074
2 0.793001 0.471670 0.055547 0.082411
2 0.282115 0.152207 0.038727 0.037679
2 0.300308 0.182702 0.043292 0.041985
0 0.009730 0.582606 0.019450 0.095314
2 0.149841 0.130256 0.033413 0.035661
5 0.395607 0.214852 0.067387 0.068163
2 0.205670 0.138364 0.035161 0.034950
0 0.034313 0.582324 0.016599 0.098349
0 0.752689 0.426794 0.021592 0.076297
2 0.438927 0.218014 0.047648 0.043676
0 0.883370 0.425326 0.017354 0.070003
0 0.891436 0.313543 0.018139 0.054842
0 0.815743 0.436020 0.024865 0.068908
0 0.714756 0.446097 0.018806 0.080683
2 0.141258 0.439124 0.066483 0.079689
2 0.110966 0.373456 0.064098 0.075831
0 0.846731 0.425979 0.021525 0.070807
2 0.097200 0.087576 0.020898 0.025048
0 0.958506 0.345925 0.012081 0.060030
0 0.830060 0.413022 0.013429 0.069940
0 0.869528 0.311862 0.010952 0.050743
0 0.878857 0.304379 0.008810 0.055031
2 0.159464 0.117662 0.027280 0.031705
0 0.470276 0.168543 0.008713 0.043724
0 0.600622 0.200514 0.009344 0.049762
0 0.521587 0.185024 0.008676 0.045258
0 0.608763 0.226816 0.009416 0.042626
0 0.929886 0.257758 0.009331 0.045352
0 0.621166 0.216951 0.009037 0.046132
0 0.576313 0.205756 0.010269 0.050635
0 0.519834 0.515277 0.022583 0.069718
0 0.658475 0.240728 0.009120 0.048886
0 0.691951 0.249887 0.007460 0.049440
0 0.501348 0.493814 0.016553 0.076953
0 0.996229 0.377140 0.007299 0.068541
0 0.563005 0.199365 0.006959 0.044753
0 0.480050 0.164828 0.006450 0.041503
0 0.628030 0.204051 0.008030 0.043171
0 0.686427 0.248900 0.008863 0.046894
0 0.300968 0.407421 0.012214 0.058820
2 0.152963 0.083587 0.016143 0.026815
0 0.554300 0.196564 0.008963 0.038822
0 0.529310 0.191195 0.009562 0.045129
0 0.582424 0.201693 0.007611 0.047125
0 0.830674 0.246854 0.008553 0.049201
0 0.783301 0.274805 0.007045 0.055672
2 0.040963 0.453988 0.081739 0.103297
0 0.974123 0.329771 0.015719 0.067939
1 0.302784 0.425491 0.024112 0.064626
0 0.551572 0.189372 0.007438 0.042405
0 0.545578 0.186394 0.006718 0.040750
0 0.607871 0.192385 0.006513 0.036914
2 0.216323 0.079201 0.036180 0.036697
0 0.502232 0.178991 0.007959 0.041375
1 0.519921 0.537498 0.043385 0.064932
0 0.614637 0.199821 0.006710 0.042857
3 0.303183 0.425451 0.023304 0.064329
0 0.773914 0.231814 0.008702 0.038379
0 0.997398 0.377035 0.004943 0.067959
0 0.322935 0.108309 0.006102 0.031950
0 0.944120 0.254876 0.008331 0.041980
3 0.519894 0.537654 0.043533 0.065015
0 0.316929 0.108523 0.006223 0.033140
0 0.268649 0.069821 0.007839 0.036169
0 0.279941 0.071149 0.008399 0.034178
0 0.222079 0.050575 0.007653 0.022896
0 0.539696 0.198910 0.011355 0.049497
0 0.588537 0.189646 0.008555 0.046456
0 0.568705 0.185222 0.008088 0.043137
0 0.456486 0.161096 0.010888 0.043322
0 0.445339 0.144966 0.008814 0.024887
6 0.136437 0.485019 0.012841 0.041377
6 0.607143 0.365882 0.015249 0.059925
