4 0.213229 0.092464 0.097342 0.079380
2 0.218307 0.656260 0.095835 0.146247
2 0.445289 0.403553 0.072501 0.084446
2 0.456803 0.630272 0.110594 0.141019
2 0.695350 0.618615 0.124980 0.140720
2 0.835484 0.856564 0.162495 0.168362
2 0.478180 0.487783 0.085883 0.090194
2 0.825488 0.709436 0.143741 0.165133
2 0.536582 0.465212 0.072986 0.093188
2 0.641762 0.706263 0.126421 0.141088
2 0.411834 0.238176 0.051068 0.046431
2 0.892288 0.605628 0.115112 0.110247
2 0.438241 0.216940 0.048727 0.042166
2 0.327284 0.226133 0.049041 0.046473
2 0.121901 0.179820 0.039598 0.044793
2 0.150678 0.370403 0.062781 0.085786
2 0.107898 0.262579 0.052210 0.064372
2 0.492612 0.572956 0.101181 0.107180
2 0.218063 0.152754 0.038779 0.037728
2 0.136260 0.108756 0.025943 0.031777
2 0.362892 0.186902 0.041569 0.042001
2 0.850660 0.944781 0.168341 0.110437
2 0.074943 0.090374 0.028233 0.033311
2 0.875040 0.656394 0.141222 0.135068
2 0.957125 0.866704 0.085681 0.193725
4 0.442796 0.162564 0.111820 0.102406
2 0.041168 0.453656 0.082261 0.103785
2 0.077137 0.224857 0.035582 0.062566
4 0.568214 0.221897 0.159301 0.146234
0 0.044131 0.567624 0.018198 0.101426
0 0.962722 0.418208 0.017119 0.072137
2 0.577230 0.544764 0.085928 0.125955
0 0.944738 0.402232 0.011893 0.073591
2 0.357825 0.373286 0.033774 0.079578
0 0.355238 0.126046 0.007223 0.036855
0 0.365400 0.128067 0.008337 0.037034
2 0.050396 0.134489 0.024339 0.038631
2 0.979125 0.730851 0.041749 0.152509
0 0.116511 0.678692 0.019669 0.132352
5 0.252681 0.338125 0.191301 0.260989
2 0.344601 0.325899 0.039668 0.059371
7 0.137705 0.486259 0.013325 0.041325
0 0.100734 0.682454 0.025736 0.129331
0 0.385896 0.136910 0.005983 0.038873
0 0.153845 0.591507 0.015853 0.089769
2 0.095495 0.086029 0.016511 0.022811
2 0.153008 0.083219 0.015838 0.026416
0 0.932554 0.255040 0.010751 0.039182
0 0.691862 0.251695 0.009945 0.051605
0 0.658400 0.241661 0.012901 0.052561
0 0.724116 0.247395 0.011557 0.056384
7 0.607945 0.365169 0.018459 0.075620
