2 0.221722 0.356636 0.067424 0.080802
2 0.591144 0.759465 0.147661 0.178103
2 0.245455 0.459362 0.080016 0.097285
2 0.845094 0.725613 0.150871 0.166313
2 0.762637 0.601962 0.104046 0.120430
2 0.565263 0.549571 0.069249 0.108759
2 0.534996 0.451940 0.054616 0.083956
2 0.419795 0.246092 0.052974 0.054348
2 0.754678 0.446084 0.094974 0.077675
2 0.913558 0.675673 0.147475 0.136025
2 0.675449 0.622593 0.099544 0.142641
2 0.500289 0.300466 0.066307 0.058801
2 0.174966 0.216839 0.047559 0.053293
2 0.770633 0.799638 0.149606 0.161541
2 0.872383 0.945942 0.155063 0.106450
2 0.362813 0.186924 0.041665 0.041720
4 0.410993 0.153280 0.106319 0.106692
2 0.708611 0.520656 0.127614 0.080822
2 0.082685 0.243620 0.042321 0.051993
4 0.168592 0.083634 0.091528 0.071187
2 0.438096 0.216682 0.048890 0.041497
2 0.152391 0.294699 0.042860 0.079270
2 0.110913 0.113549 0.030776 0.032055
2 0.041251 0.453767 0.082419 0.103599
4 0.542456 0.208825 0.167038 0.140946
2 0.083993 0.298343 0.033597 0.062474
2 0.178088 0.124360 0.033494 0.032708
0 0.962326 0.418292 0.016245 0.071564
0 0.945317 0.402297 0.014090 0.073091
2 0.969922 0.964725 0.060156 0.069827
0 0.049115 0.600291 0.022911 0.091955
2 0.094340 0.097114 0.026817 0.030209
2 0.272585 0.272369 0.049490 0.046617
0 0.769001 0.272144 0.012019 0.052882
2 0.976199 0.856781 0.047602 0.179273
2 0.259803 0.331036 0.027751 0.074235
0 0.637337 0.241891 0.010236 0.054183
0 0.013924 0.573529 0.017088 0.086657
0 0.928793 0.256594 0.010253 0.043167
0 0.354872 0.126023 0.007298 0.037154
0 0.329523 0.108912 0.008527 0.035739
0 0.664115 0.225045 0.008081 0.051751
0 0.648938 0.231099 0.008696 0.058889
0 0.418983 0.968717 0.023957 0.061983
7 0.137656 0.486373 0.013048 0.040883
0 0.486235 0.970475 0.027803 0.058510
0 0.681953 0.231367 0.008398 0.040866
5 0.402087 0.445069 0.272873 0.355270
0 0.693018 0.251026 0.013644 0.067059
0 0.154093 0.595595 0.020867 0.099875
7 0.606340 0.357321 0.018459 0.077047
