2 0.943563 0.530709 0.112648 0.102258
4 0.389088 0.140747 0.102380 0.095327
2 0.794113 0.472354 0.054425 0.084213
0 0.020573 0.660998 0.029285 0.108313
2 0.282378 0.151847 0.038249 0.037298
2 0.437906 0.218023 0.049801 0.043619
5 0.236491 0.142714 0.047224 0.054658
2 0.167356 0.106574 0.029868 0.031175
0 0.536191 0.491957 0.023543 0.086625
0 0.072049 0.646704 0.019382 0.097970
0 0.045555 0.655392 0.023650 0.104267
0 0.703715 0.452929 0.023901 0.075896
0 0.734174 0.448628 0.018407 0.074717
0 0.956972 0.347185 0.013796 0.064558
0 0.604234 0.463065 0.025225 0.082830
2 0.973578 0.472287 0.052592 0.047319
0 0.900173 0.318564 0.015441 0.059395
1 0.160103 0.701359 0.037539 0.065908
2 0.141216 0.439611 0.066481 0.080290
0 0.910883 0.297784 0.012193 0.056540
2 0.082972 0.093555 0.025847 0.030977
2 0.119149 0.378796 0.064610 0.067823
0 0.535892 0.198624 0.009084 0.042965
0 0.642305 0.217241 0.011400 0.051003
0 0.617418 0.452722 0.014462 0.070374
0 0.523357 0.185012 0.009024 0.046453
0 0.160999 0.670210 0.028201 0.086293
0 0.885683 0.305384 0.011414 0.058866
0 0.623375 0.218706 0.009337 0.045579
0 0.573301 0.205403 0.008745 0.049769
0 0.929871 0.258141 0.009627 0.044140
0 0.658220 0.240528 0.009408 0.049113
0 0.799222 0.287991 0.013816 0.050985
0 0.834414 0.253243 0.010492 0.039921
0 0.562779 0.199540 0.007102 0.044406
0 0.609083 0.226588 0.009820 0.042797
0 0.654999 0.445743 0.011121 0.052293
0 0.479970 0.164833 0.006488 0.041450
0 0.456653 0.169521 0.007801 0.040157
0 0.467849 0.167291 0.006196 0.041741
2 0.040968 0.453894 0.081699 0.103622
2 0.152626 0.082734 0.015325 0.025013
0 0.301178 0.407487 0.011770 0.057364
0 0.551786 0.190503 0.007784 0.044534
0 0.554340 0.196522 0.008481 0.038572
0 0.687351 0.248667 0.009652 0.047083
0 0.601868 0.195765 0.007866 0.045271
3 0.302816 0.436628 0.023868 0.048739
0 0.644966 0.457161 0.016127 0.069285
3 0.641875 0.479619 0.047574 0.051128
0 0.582650 0.200527 0.007839 0.052428
0 0.590676 0.189079 0.009333 0.048778
0 0.615501 0.199365 0.007466 0.048778
0 0.629220 0.198038 0.007279 0.038824
0 0.502110 0.183272 0.010266 0.053756
0 0.449661 0.161205 0.008399 0.040151
0 0.720779 0.248928 0.014708 0.071560
6 0.137641 0.487159 0.013644 0.048511
6 0.606742 0.363742 0.011236 0.064205
