2 0.622144 0.335775 0.071902 0.063228
2 0.944402 0.707357 0.111015 0.151295
4 0.394217 0.143277 0.101320 0.097107
2 0.546923 0.341942 0.072259 0.065263
2 0.181421 0.098117 0.046995 0.031111
2 0.804568 0.501728 0.069264 0.087885
2 0.488292 0.279966 0.058272 0.053297
2 0.299279 0.160541 0.039325 0.037889
2 0.437703 0.219057 0.049240 0.042361
2 0.099023 0.099814 0.028577 0.029911
2 0.128706 0.099306 0.026502 0.030130
2 0.414133 0.243340 0.045562 0.048466
5 0.799388 0.393249 0.122869 0.109782
0 0.955224 0.421644 0.016690 0.072328
0 0.885123 0.412890 0.013809 0.074138
2 0.140930 0.440723 0.066346 0.080902
0 0.342369 0.543206 0.017019 0.078675
0 0.904766 0.389626 0.012001 0.068837
0 0.895531 0.398168 0.013229 0.071081
0 0.539528 0.200616 0.012378 0.042145
0 0.873098 0.284996 0.011741 0.053566
2 0.111550 0.376146 0.062863 0.079925
0 0.621029 0.218094 0.008609 0.045130
0 0.080181 0.377311 0.017183 0.067555
0 0.988018 0.401218 0.014367 0.053990
0 0.525845 0.185153 0.008319 0.045370
0 0.573765 0.207569 0.009951 0.048801
0 0.609106 0.228105 0.009239 0.041518
0 0.657887 0.241542 0.009136 0.049680
0 0.985781 0.347954 0.010690 0.063198
0 0.882824 0.283644 0.010613 0.056851
0 0.599750 0.215545 0.009102 0.043585
2 0.040758 0.455116 0.081223 0.103036
0 0.562616 0.200319 0.007481 0.045630
0 0.474362 0.169758 0.006912 0.041640
0 0.628227 0.205399 0.007836 0.042070
0 0.339553 0.121443 0.008093 0.037297
0 0.685927 0.250119 0.009386 0.046289
0 0.302251 0.409371 0.016343 0.059441
0 0.691853 0.251453 0.006864 0.050230
2 0.152408 0.084293 0.015298 0.025298
0 0.325299 0.576088 0.028604 0.072756
0 0.607432 0.193954 0.006303 0.040365
2 0.052921 0.078974 0.023849 0.031836
3 0.325512 0.605583 0.034679 0.070145
0 0.501400 0.179816 0.009527 0.041733
0 0.582038 0.203038 0.007903 0.046155
0 0.614724 0.201618 0.006207 0.042428
0 0.479907 0.166504 0.006525 0.041597
0 0.653007 0.212595 0.008417 0.046781
0 0.459273 0.170212 0.008068 0.044099
0 0.487163 0.179873 0.007757 0.044988
3 0.301752 0.426769 0.023726 0.063698
0 0.932317 0.252799 0.008624 0.028818
0 0.554980 0.197916 0.006742 0.038593
0 0.551372 0.192081 0.007099 0.048346
2 0.075744 0.064616 0.021140 0.033610
0 0.993052 0.327596 0.007270 0.046545
2 0.219445 0.078672 0.029980 0.030330
0 0.444967 0.145953 0.007526 0.028192
6 0.606572 0.363422 0.013004 0.066055
6 0.138871 0.488927 0.013934 0.042936
