2 0.459896 0.414772 0.076510 0.083232
2 0.348135 0.398051 0.069633 0.080030
2 0.475729 0.571047 0.107046 0.129722
2 0.391163 0.363639 0.070176 0.077232
2 0.905274 0.473988 0.109113 0.086007
2 0.810982 0.503019 0.125582 0.094367
2 0.582765 0.319342 0.068559 0.060125
2 0.574568 0.566976 0.089828 0.110239
2 0.367176 0.901874 0.192961 0.168693
2 0.897658 0.571431 0.147405 0.107420
2 0.363133 0.186751 0.041519 0.041888
2 0.345758 0.261402 0.054033 0.055339
2 0.522713 0.505830 0.104816 0.107039
2 0.649870 0.617555 0.086530 0.135474
2 0.123395 0.112908 0.030112 0.034122
0 0.729000 0.438504 0.016558 0.073762
5 0.415833 0.254219 0.049217 0.067566
2 0.653375 0.737899 0.076252 0.123337
0 0.305858 0.510146 0.026763 0.096557
0 0.226101 0.676071 0.020251 0.105756
0 0.037171 0.686687 0.021583 0.108226
2 0.971161 0.476261 0.057678 0.083347
0 0.979401 0.365919 0.016898 0.064785
0 0.253248 0.603541 0.015003 0.095709
0 0.276247 0.547325 0.016111 0.088949
0 0.212657 0.546695 0.026332 0.090615
2 0.041106 0.453561 0.082212 0.102559
0 0.621978 0.453208 0.015028 0.070887
0 0.191531 0.582489 0.020698 0.099493
4 0.279516 0.315685 0.112929 0.139324
2 0.097106 0.098816 0.023091 0.039537
0 0.856067 0.397095 0.022363 0.063086
0 0.573802 0.206355 0.008894 0.049921
0 0.364025 0.128378 0.009211 0.039145
0 0.347660 0.126784 0.005164 0.035961
0 0.891438 0.307512 0.009654 0.059004
2 0.412843 0.505109 0.074951 0.122321
0 0.375646 0.489782 0.017851 0.089736
0 0.994080 0.389377 0.011839 0.073889
0 0.400050 0.145773 0.007428 0.037532
0 0.374921 0.135488 0.008119 0.039569
0 0.327227 0.105877 0.006412 0.034199
0 0.650724 0.220083 0.011858 0.049584
2 0.075589 0.089076 0.024172 0.032359
0 0.248171 0.508798 0.018913 0.079866
0 0.537979 0.199040 0.009637 0.042502
0 0.438912 0.154023 0.008394 0.043923
0 0.624560 0.223460 0.008593 0.053585
0 0.548674 0.188913 0.007091 0.045582
0 0.578494 0.186843 0.009297 0.043577
0 0.016185 0.500863 0.018245 0.085055
0 0.601655 0.196450 0.009041 0.044204
0 0.552854 0.196127 0.006387 0.039598
0 0.658554 0.240846 0.009131 0.048163
0 0.466917 0.160872 0.008883 0.039473
0 0.521860 0.191672 0.007153 0.042798
0 0.641730 0.219437 0.010098 0.047802
0 0.413001 0.144860 0.007072 0.038747
0 0.419945 0.147879 0.006951 0.038449
0 0.609305 0.194350 0.006212 0.040391
4 0.144307 0.077987 0.028242 0.048413
6 0.137817 0.486852 0.012830 0.042680
0 0.427002 0.152925 0.008829 0.038260
6 0.606418 0.361674 0.013334 0.055795
0 0.613710 0.199834 0.006499 0.043821
0 0.496323 0.177277 0.008454 0.033447
2 0.283576 0.397400 0.041166 0.075643
2 0.057124 0.079538 0.020246 0.026880
0 0.589576 0.190127 0.008592 0.042362
0 0.473130 0.160794 0.005640 0.040286
0 0.477698 0.169597 0.008192 0.045779
0 0.379580 0.135641 0.005311 0.037742
5 0.841894 0.774255 0.316212 0.451489
4 0.189807 0.380863 0.153291 0.221152
4 0.107945 0.246032 0.103531 0.105582
0 0.931380 0.253166 0.013644 0.039950
0 0.692616 0.249599 0.012841 0.052791
