2 0.709677 0.734659 0.147502 0.167555
2 0.216376 0.419464 0.069237 0.080663
2 0.171935 0.442365 0.070699 0.099787
2 0.227150 0.535175 0.071456 0.100862
2 0.750711 0.634549 0.118853 0.128731
2 0.742639 0.401174 0.083205 0.072895
2 0.196007 0.337496 0.058039 0.066830
2 0.516524 0.308961 0.059739 0.055527
2 0.553306 0.488033 0.091879 0.095344
2 0.309226 0.312820 0.059369 0.066834
2 0.464058 0.477274 0.091936 0.109096
4 0.356050 0.133417 0.098933 0.089292
2 0.557883 0.377474 0.072166 0.070138
2 0.536793 0.583884 0.116646 0.134400
2 0.438021 0.217882 0.048968 0.043425
2 0.160549 0.259664 0.047745 0.057296
4 0.464110 0.170371 0.116101 0.105662
2 0.283495 0.197955 0.045805 0.044241
2 0.433895 0.398439 0.070508 0.069357
2 0.362809 0.187015 0.041669 0.041891
2 0.165086 0.137637 0.034642 0.035374
2 0.210731 0.239818 0.046252 0.046786
2 0.818277 0.906308 0.170126 0.187383
2 0.236952 0.152059 0.032167 0.036776
2 0.192968 0.119001 0.036273 0.032839
2 0.041161 0.453821 0.082292 0.103663
2 0.380475 0.259770 0.061060 0.047529
2 0.342161 0.376109 0.058943 0.085228
2 0.071218 0.108031 0.031165 0.037949
0 0.236053 0.759446 0.022607 0.117540
2 0.122187 0.224944 0.040237 0.046085
0 0.956157 0.402085 0.013353 0.071533
0 0.824214 0.296133 0.012137 0.048505
0 0.329397 0.790112 0.030593 0.089426
2 0.098218 0.102582 0.030617 0.029830
0 0.398838 0.970739 0.023197 0.058522
0 0.606458 0.225914 0.007627 0.041453
2 0.126183 0.099682 0.031130 0.034114
2 0.321042 0.914317 0.244679 0.168420
0 0.428008 0.980594 0.025703 0.038490
0 0.619757 0.218647 0.010128 0.042622
0 0.574289 0.205626 0.008300 0.049092
4 0.374796 0.508725 0.158495 0.217689
0 0.658337 0.240215 0.008839 0.048838
0 0.627718 0.204191 0.007410 0.044386
0 0.593551 0.199220 0.008307 0.046561
0 0.381683 0.979136 0.024715 0.041106
2 0.224362 0.294311 0.048296 0.076234
0 0.930273 0.257562 0.009192 0.042563
7 0.137975 0.486932 0.012715 0.040587
0 0.552924 0.194917 0.008365 0.042392
0 0.996382 0.342611 0.006940 0.055997
1 0.324533 0.815187 0.036153 0.041133
5 0.073834 0.201481 0.077005 0.131409
2 0.058520 0.135191 0.025171 0.026345
0 0.609617 0.193956 0.006959 0.038976
0 0.602177 0.196154 0.008155 0.044956
0 0.578907 0.188572 0.008507 0.042308
0 0.691668 0.251519 0.009353 0.053326
0 0.147673 0.574193 0.022472 0.108436
7 0.608347 0.360175 0.017657 0.068486
