2 0.348285 0.398059 0.069194 0.079879
2 0.459844 0.414724 0.076610 0.083267
2 0.475703 0.570663 0.106321 0.130023
2 0.391215 0.363686 0.070092 0.077020
2 0.570410 0.562795 0.093373 0.108937
2 0.578964 0.756093 0.149037 0.164658
5 0.802050 0.471238 0.045942 0.104950
2 0.505332 0.499503 0.091743 0.103581
2 0.154015 0.128783 0.033936 0.035150
4 0.332634 0.125632 0.134364 0.097395
2 0.362928 0.186995 0.041841 0.041516
0 0.048319 0.688094 0.023839 0.110474
2 0.041256 0.453847 0.082434 0.103838
4 0.095136 0.186212 0.075288 0.091836
0 0.732442 0.436269 0.021059 0.082177
2 0.283680 0.397122 0.041032 0.075715
2 0.410680 0.503234 0.072200 0.119829
0 0.597588 0.468570 0.029106 0.083082
0 0.712047 0.436000 0.020860 0.077319
0 0.764571 0.440086 0.019936 0.073431
2 0.970189 0.505401 0.059622 0.078547
0 0.584513 0.456820 0.014645 0.075181
2 0.119081 0.108884 0.027736 0.042827
2 0.067693 0.086762 0.025359 0.028905
0 0.627982 0.453873 0.014494 0.077953
2 0.135203 0.090065 0.025032 0.026692
0 0.884221 0.316149 0.011093 0.050216
0 0.696691 0.448797 0.021600 0.081487
2 0.093836 0.098377 0.028579 0.033682
0 0.573998 0.206174 0.008950 0.049964
2 0.971120 0.459211 0.057760 0.053407
0 0.935535 0.336412 0.010057 0.046668
0 0.531524 0.455307 0.017218 0.073559
0 0.618744 0.217760 0.008037 0.045140
0 0.627352 0.223122 0.010571 0.052918
0 0.560264 0.190033 0.008759 0.047312
0 0.480198 0.166318 0.008177 0.044176
0 0.601621 0.196117 0.008797 0.044675
4 0.199599 0.372532 0.135069 0.200432
0 0.439101 0.154017 0.008087 0.044033
0 0.429660 0.153120 0.007313 0.038541
0 0.634878 0.429736 0.009108 0.065961
0 0.533814 0.192044 0.007954 0.045155
0 0.578819 0.187593 0.008619 0.042363
0 0.537378 0.199706 0.009932 0.042648
0 0.770198 0.423811 0.010646 0.076930
0 0.589349 0.190373 0.008822 0.043065
0 0.521584 0.191854 0.006789 0.040788
6 0.606698 0.362025 0.012899 0.054231
0 0.473301 0.161732 0.005644 0.040656
0 0.684017 0.439002 0.012154 0.063344
6 0.137808 0.486415 0.012945 0.043299
0 0.466810 0.161682 0.008136 0.037301
0 0.806980 0.243851 0.006791 0.039634
0 0.613158 0.198960 0.007905 0.043530
0 0.929921 0.253162 0.008949 0.034946
0 0.552681 0.196011 0.007481 0.039571
0 0.609242 0.195018 0.005950 0.040943
0 0.674819 0.456979 0.014656 0.076625
0 0.419430 0.147581 0.007760 0.040061
0 0.658269 0.241144 0.009659 0.047008
0 0.413325 0.145303 0.007141 0.039862
0 0.502439 0.179942 0.007784 0.039265
5 0.833066 0.768548 0.333868 0.462904
4 0.097512 0.244605 0.103531 0.116997
0 0.691413 0.251026 0.012039 0.055645
