2 0.347971 0.397860 0.069681 0.080047
2 0.499837 0.843073 0.178097 0.153426
2 0.459841 0.414755 0.076646 0.083359
2 0.670248 0.622246 0.127471 0.143939
2 0.391077 0.363657 0.070146 0.076513
2 0.475242 0.570964 0.107765 0.129901
2 0.823403 0.437496 0.096957 0.078711
2 0.574592 0.566944 0.089563 0.110123
2 0.767110 0.486631 0.119601 0.096868
2 0.516940 0.504512 0.103803 0.108269
2 0.050651 0.949579 0.100068 0.098946
2 0.848722 0.548885 0.134922 0.102716
2 0.362812 0.186758 0.042000 0.041911
5 0.198330 0.129657 0.029481 0.046573
2 0.278915 0.174667 0.040738 0.039512
2 0.882806 0.496615 0.119469 0.082946
2 0.071540 0.108420 0.030126 0.035655
0 0.281912 0.791214 0.023567 0.123283
0 0.299548 0.571043 0.018373 0.094465
0 0.309116 0.732697 0.021318 0.112389
0 0.230502 0.537675 0.028950 0.088139
0 0.258440 0.558713 0.018353 0.096558
0 0.954328 0.380321 0.015616 0.067273
0 0.238552 0.682447 0.023223 0.116486
2 0.982909 0.576957 0.034181 0.066368
2 0.114731 0.109036 0.031363 0.032656
2 0.967965 0.475600 0.063993 0.083486
0 0.037275 0.686383 0.021375 0.107971
0 0.260608 0.663167 0.022884 0.104362
0 0.617817 0.452000 0.013501 0.069733
0 0.646190 0.443927 0.015962 0.075455
0 0.047742 0.492234 0.029798 0.077823
0 0.157876 0.602498 0.029706 0.109835
2 0.414210 0.506116 0.072517 0.120742
0 0.058850 0.618684 0.021543 0.106184
0 0.863386 0.401023 0.015166 0.050980
2 0.041085 0.454301 0.082160 0.104383
4 0.284452 0.319344 0.114772 0.138485
0 0.574442 0.205321 0.010303 0.050964
0 0.363955 0.129098 0.009069 0.037878
0 0.626742 0.224636 0.010592 0.052678
0 0.348019 0.126951 0.005078 0.036022
0 0.618038 0.217420 0.007861 0.044336
0 0.441219 0.153201 0.009218 0.044890
0 0.548625 0.188440 0.007202 0.045169
0 0.478673 0.164115 0.006824 0.041648
0 0.423079 0.153145 0.007188 0.038723
0 0.553112 0.196062 0.006199 0.039782
0 0.658442 0.240192 0.009091 0.048970
0 0.537732 0.197457 0.009819 0.046373
0 0.377032 0.135177 0.007964 0.040854
0 0.399911 0.145061 0.007023 0.037421
0 0.473602 0.168314 0.008952 0.048368
6 0.137864 0.486167 0.012984 0.042542
0 0.412375 0.144897 0.007214 0.038798
0 0.651859 0.212251 0.009543 0.047489
6 0.606619 0.362261 0.013018 0.054019
0 0.521931 0.190987 0.007736 0.043351
0 0.635296 0.205105 0.008515 0.041303
0 0.609260 0.195918 0.006625 0.043237
2 0.089436 0.093995 0.024043 0.037680
0 0.502141 0.179274 0.007630 0.040170
0 0.495253 0.177135 0.008559 0.033523
0 0.601977 0.195404 0.008854 0.045956
0 0.468182 0.162184 0.005666 0.036662
0 0.931230 0.258061 0.009917 0.043674
0 0.613160 0.198314 0.006776 0.043178
2 0.214697 0.076601 0.040229 0.037010
0 0.429649 0.150333 0.004847 0.027981
5 0.925361 0.797084 0.149278 0.405832
4 0.193018 0.373016 0.151685 0.216872
4 0.101926 0.245318 0.107544 0.118423
