5 0.230961 0.139541 0.046958 0.053841
2 0.939526 0.527230 0.120948 0.102686
4 0.389559 0.140878 0.101631 0.096412
2 0.794196 0.471758 0.054248 0.083328
2 0.282187 0.151701 0.038522 0.036919
2 0.437975 0.218031 0.049751 0.043786
0 0.024735 0.665471 0.023913 0.110402
0 0.596713 0.464057 0.017759 0.082984
0 0.047672 0.656332 0.020920 0.103056
0 0.076648 0.648546 0.021291 0.092535
2 0.162922 0.103883 0.029381 0.031016
1 0.169663 0.707436 0.038954 0.067486
0 0.530311 0.492526 0.016205 0.087137
0 0.897124 0.316240 0.011296 0.057987
0 0.693999 0.452481 0.015684 0.076217
2 0.141307 0.439614 0.066492 0.080603
0 0.621776 0.450287 0.013098 0.070504
0 0.881848 0.306270 0.013216 0.055916
0 0.952706 0.343031 0.010914 0.061769
2 0.082390 0.092630 0.025854 0.031460
0 0.908261 0.296320 0.011707 0.057262
0 0.729612 0.449101 0.015042 0.074494
2 0.969561 0.477894 0.060431 0.068622
0 0.643437 0.217982 0.010260 0.051459
0 0.170799 0.678347 0.031572 0.091232
0 0.536013 0.198708 0.009200 0.042849
0 0.658267 0.240389 0.009503 0.048136
0 0.523409 0.184910 0.009034 0.047052
0 0.572747 0.205515 0.008988 0.048896
2 0.119205 0.378288 0.063879 0.067760
0 0.623880 0.218460 0.009919 0.046692
0 0.797517 0.285076 0.011824 0.051737
0 0.609272 0.226623 0.010566 0.042783
0 0.929831 0.257871 0.009303 0.044276
0 0.562701 0.199579 0.007256 0.044555
2 0.040903 0.454164 0.081663 0.103696
0 0.480071 0.164857 0.006366 0.041349
0 0.837023 0.254258 0.009565 0.039135
0 0.686203 0.248715 0.009662 0.046780
0 0.467916 0.167075 0.006362 0.041188
0 0.551772 0.190279 0.007606 0.044185
0 0.301598 0.407724 0.012778 0.057877
0 0.601813 0.195541 0.007851 0.046145
0 0.554426 0.196624 0.008274 0.038412
0 0.582723 0.201542 0.007351 0.046530
0 0.455207 0.169710 0.007630 0.039071
2 0.152248 0.081570 0.014586 0.022861
0 0.607845 0.192106 0.006716 0.038481
0 0.663256 0.215654 0.007988 0.044975
2 0.063520 0.068559 0.017620 0.026237
3 0.301968 0.436848 0.025534 0.049216
3 0.647901 0.477795 0.044796 0.053092
0 0.650060 0.461307 0.020965 0.070719
0 0.502731 0.179598 0.009999 0.045872
0 0.444998 0.153222 0.010644 0.049312
6 0.137640 0.486446 0.013644 0.044230
6 0.604735 0.363028 0.013644 0.059925
