4 0.314215 0.120142 0.095335 0.086476
2 0.329266 0.374201 0.066661 0.076489
2 0.275414 0.398185 0.067489 0.079898
2 0.373275 0.564659 0.102387 0.126008
2 0.356943 0.333008 0.055208 0.067876
2 0.808997 0.619555 0.112606 0.126265
2 0.403299 0.508753 0.087653 0.096246
2 0.223271 0.534131 0.079393 0.121125
2 0.511522 0.487007 0.091176 0.110251
2 0.421591 0.427462 0.067009 0.098380
2 0.379983 0.237553 0.041432 0.046972
2 0.438020 0.217605 0.049143 0.043439
2 0.206206 0.160526 0.039181 0.044323
2 0.273789 0.284088 0.050859 0.063358
2 0.079906 0.095701 0.027917 0.030859
2 0.247517 0.157948 0.038217 0.038506
4 0.443807 0.162786 0.114207 0.102949
2 0.362878 0.186883 0.041750 0.041851
2 0.491488 0.417283 0.068904 0.068335
2 0.041178 0.453684 0.082313 0.103313
2 0.129993 0.097855 0.028924 0.032577
4 0.692424 0.298184 0.196707 0.189811
2 0.597071 0.551175 0.085171 0.118312
0 0.972888 0.410392 0.018180 0.070582
0 0.142914 0.661892 0.028781 0.115783
0 0.948130 0.401528 0.014932 0.071129
0 0.572425 0.205551 0.010660 0.048262
0 0.279177 0.753853 0.027513 0.107980
0 0.216789 0.979041 0.025270 0.041725
2 0.647157 0.362953 0.076086 0.071249
0 0.232769 0.793192 0.022330 0.115301
2 0.082188 0.295288 0.030831 0.066776
0 0.536123 0.199922 0.008344 0.041151
0 0.578868 0.188481 0.008878 0.043485
0 0.154886 0.593760 0.016936 0.085764
0 0.590662 0.189112 0.007097 0.042614
0 0.520189 0.192004 0.007949 0.036559
0 0.550951 0.195620 0.012620 0.048294
0 0.609144 0.189801 0.006420 0.035106
0 0.616027 0.192834 0.006130 0.028744
2 0.967619 0.727387 0.064253 0.164678
0 0.558579 0.187680 0.007490 0.045736
0 0.253072 0.774123 0.025226 0.138826
0 0.601461 0.192657 0.008841 0.036779
2 0.533744 0.610749 0.103031 0.121097
0 0.627661 0.194809 0.006948 0.024807
2 0.047847 0.179503 0.015666 0.037616
7 0.137863 0.486186 0.013084 0.041093
2 0.153042 0.082851 0.015606 0.026123
5 0.118379 0.226057 0.145265 0.208311
4 0.753210 0.796371 0.434189 0.407259
7 0.605538 0.360175 0.016854 0.065632
