2 0.874639 0.663822 0.139428 0.129792
2 0.528377 0.525906 0.108098 0.130611
2 0.737247 0.774738 0.121172 0.153450
2 0.666717 0.646111 0.131369 0.129187
2 0.840852 0.768230 0.149655 0.149983
2 0.596217 0.506581 0.107865 0.128889
4 0.353808 0.133219 0.093663 0.089077
2 0.765326 0.439993 0.094515 0.087029
2 0.450503 0.401903 0.061221 0.084898
2 0.852187 0.927529 0.179508 0.144734
2 0.391495 0.223885 0.051107 0.051041
2 0.092366 0.248732 0.041384 0.054310
2 0.125213 0.180669 0.035373 0.045801
2 0.362648 0.187039 0.041381 0.041667
2 0.438419 0.217599 0.048918 0.042786
2 0.294785 0.342590 0.059114 0.075910
2 0.314493 0.310340 0.059945 0.060697
2 0.079604 0.186745 0.039197 0.045273
2 0.078521 0.151021 0.035280 0.039488
4 0.443943 0.162684 0.113783 0.102931
2 0.095442 0.103617 0.026026 0.031811
2 0.041209 0.453679 0.082388 0.103478
0 0.950357 0.325448 0.022617 0.064676
2 0.254458 0.264578 0.045228 0.057056
2 0.635934 0.347279 0.071232 0.065245
2 0.148033 0.099572 0.029196 0.031625
2 0.102585 0.312918 0.051507 0.076267
2 0.179477 0.323677 0.051548 0.054661
2 0.184191 0.256709 0.043345 0.060527
0 0.954191 0.401375 0.012005 0.071978
0 0.277670 0.777042 0.027187 0.131020
2 0.078364 0.092672 0.026888 0.029588
0 0.445301 0.910900 0.031112 0.126302
0 0.620792 0.217241 0.011812 0.044963
0 0.981049 0.400584 0.013827 0.057686
0 0.658260 0.239646 0.009220 0.049917
0 0.992747 0.351956 0.014506 0.071362
0 0.606215 0.226296 0.007004 0.040844
0 0.418721 0.908877 0.025739 0.124552
0 0.379494 0.934558 0.026154 0.127558
0 0.574763 0.206144 0.008696 0.048282
2 0.056762 0.100316 0.019797 0.030615
0 0.608292 0.191527 0.006504 0.037922
0 0.553869 0.197138 0.009240 0.045010
0 0.627879 0.204774 0.007171 0.043869
0 0.615515 0.199427 0.007449 0.044434
0 0.590797 0.189464 0.007343 0.042710
0 0.794606 0.284469 0.010482 0.051543
2 0.977395 0.890704 0.045211 0.207104
0 0.692120 0.248971 0.008966 0.051884
0 0.651886 0.211677 0.009683 0.043982
0 0.579108 0.186271 0.007871 0.045838
7 0.606266 0.361414 0.012808 0.055718
7 0.137720 0.485955 0.012975 0.041709
0 0.358709 0.938132 0.025494 0.121841
2 0.214525 0.078097 0.039977 0.039263
4 0.256421 0.430801 0.183788 0.252541
