2 0.491162 0.311436 0.066068 0.060783
4 0.391605 0.140721 0.101145 0.095800
2 0.437963 0.217644 0.049511 0.043348
2 0.586836 0.316848 0.068103 0.060816
2 0.180616 0.096589 0.047314 0.030695
2 0.805207 0.489846 0.051901 0.087638
2 0.293069 0.155977 0.038776 0.038125
2 0.462372 0.265357 0.056005 0.050387
2 0.388118 0.228803 0.043451 0.046084
2 0.960857 0.709426 0.078061 0.127595
2 0.092707 0.094912 0.028140 0.031387
2 0.141079 0.438760 0.066347 0.079650
0 0.890284 0.399869 0.014034 0.071743
0 0.354721 0.539007 0.026765 0.077721
0 0.874135 0.412556 0.015659 0.072952
0 0.904195 0.388791 0.015784 0.068123
5 0.745115 0.368767 0.114832 0.104659
0 0.954585 0.420288 0.015320 0.070785
0 0.539401 0.199161 0.012900 0.042520
0 0.080205 0.375402 0.017085 0.069102
0 0.988407 0.400479 0.013149 0.053620
0 0.596953 0.212467 0.008011 0.043154
2 0.111921 0.376809 0.062072 0.083616
0 0.621111 0.216752 0.008773 0.046302
0 0.573703 0.205904 0.008691 0.048365
0 0.525936 0.183982 0.008393 0.044991
0 0.658111 0.240171 0.008959 0.050054
0 0.876783 0.279212 0.011864 0.054006
2 0.040806 0.453617 0.081502 0.103473
0 0.301679 0.407469 0.016415 0.058462
0 0.686693 0.248126 0.009407 0.047676
0 0.562616 0.198883 0.007400 0.045073
0 0.608781 0.226681 0.009310 0.042333
0 0.691717 0.249456 0.007505 0.049512
0 0.628117 0.203928 0.008159 0.043359
0 0.869509 0.281098 0.007804 0.055446
2 0.152527 0.082811 0.015551 0.025791
0 0.474757 0.168173 0.007306 0.042418
0 0.607493 0.192990 0.006572 0.041863
3 0.301508 0.425316 0.024263 0.064076
0 0.582310 0.201121 0.007044 0.046477
0 0.335950 0.568218 0.026026 0.074385
0 0.614468 0.199384 0.006916 0.042602
0 0.501788 0.178816 0.008620 0.041560
0 0.977372 0.340193 0.019925 0.078184
6 0.138042 0.488586 0.012841 0.042804
6 0.605939 0.363028 0.012841 0.057072
0 0.444716 0.153957 0.007466 0.048944
0 0.482824 0.177046 0.009333 0.047008
3 0.335246 0.597815 0.048157 0.076054
0 0.554688 0.196228 0.008601 0.043960
0 0.551663 0.184559 0.006999 0.034842
0 0.601282 0.191887 0.007933 0.045626
0 0.587749 0.187739 0.008866 0.045073
0 0.542797 0.165755 0.008244 0.027099
0 0.491546 0.171562 0.008710 0.049221
0 0.456393 0.167691 0.009644 0.048115
