2 0.212109 0.347026 0.066320 0.079016
2 0.216719 0.431437 0.075346 0.093063
2 0.454893 0.265016 0.056891 0.057490
2 0.549484 0.540136 0.070168 0.107487
2 0.552483 0.726218 0.139449 0.170579
2 0.844407 0.491561 0.105291 0.086532
2 0.822753 0.710713 0.146492 0.161445
2 0.737108 0.773100 0.143180 0.154530
2 0.913526 0.675895 0.147278 0.136000
2 0.661442 0.612687 0.097187 0.140340
2 0.757789 0.596515 0.105461 0.111292
2 0.164044 0.209472 0.046011 0.051532
2 0.555731 0.327087 0.072081 0.062616
2 0.687020 0.525580 0.126638 0.095039
2 0.953700 0.950842 0.092601 0.097564
2 0.517126 0.440498 0.051937 0.084495
4 0.169869 0.083432 0.091662 0.072912
2 0.362814 0.187121 0.041756 0.041880
2 0.079051 0.239097 0.039224 0.050983
2 0.437866 0.217648 0.049437 0.043819
4 0.418241 0.153961 0.107889 0.103552
2 0.118015 0.117506 0.031038 0.032554
4 0.545871 0.210275 0.166835 0.141359
2 0.190906 0.130531 0.033368 0.032888
2 0.849686 0.928935 0.184726 0.138173
2 0.041295 0.453831 0.082382 0.104139
0 0.962415 0.418055 0.016586 0.072038
2 0.962216 0.842619 0.075569 0.187593
2 0.254058 0.324130 0.020041 0.064148
0 0.945711 0.402585 0.013377 0.072660
0 0.762348 0.268809 0.011737 0.052502
0 0.056803 0.604631 0.019141 0.094288
0 0.354790 0.126414 0.007324 0.036146
2 0.099628 0.099971 0.025553 0.030161
2 0.266196 0.259624 0.057883 0.035666
0 0.332076 0.109565 0.007710 0.035119
0 0.643553 0.239650 0.013885 0.057590
0 0.022462 0.580365 0.016857 0.087771
0 0.928929 0.257046 0.010056 0.045571
7 0.137938 0.486392 0.012819 0.041872
0 0.302133 0.097319 0.005008 0.028715
2 0.131089 0.286213 0.069082 0.077955
0 0.658588 0.231646 0.010474 0.066375
0 0.314019 0.103891 0.007991 0.031185
2 0.497664 0.980377 0.024205 0.038786
0 0.472064 0.982424 0.021669 0.034235
0 0.426729 0.977325 0.023210 0.043676
5 0.388042 0.445782 0.268860 0.348137
0 0.693018 0.250312 0.015249 0.059925
0 0.152889 0.595595 0.024880 0.097022
7 0.607544 0.358748 0.019262 0.071339
