2 0.219777 0.418947 0.068081 0.092995
2 0.402839 0.375593 0.068758 0.077574
2 0.251658 0.383206 0.073657 0.085049
2 0.343374 0.381405 0.078349 0.095515
2 0.141141 0.439130 0.066638 0.079745
2 0.278286 0.338118 0.066324 0.076811
4 0.267150 0.104381 0.101703 0.078505
2 0.443983 0.284832 0.064353 0.054032
2 0.865532 0.507552 0.115814 0.088200
2 0.371478 0.190706 0.039422 0.042690
2 0.437702 0.217848 0.049983 0.043286
5 0.299349 0.191739 0.056636 0.075243
2 0.158461 0.099754 0.025602 0.030915
2 0.959679 0.950603 0.080411 0.096834
2 0.371207 0.277266 0.065245 0.064645
4 0.570181 0.219171 0.113508 0.126281
2 0.132833 0.119933 0.028850 0.034163
2 0.334479 0.328149 0.058374 0.057162
0 0.568070 0.468879 0.027247 0.083959
2 0.138133 0.241835 0.042284 0.053293
0 0.039815 0.516306 0.020849 0.082611
2 0.178780 0.257728 0.043842 0.055475
2 0.785190 0.970870 0.170388 0.057841
2 0.268439 0.280679 0.053138 0.052711
2 0.284337 0.152534 0.043043 0.037930
0 0.021819 0.619896 0.022345 0.086223
2 0.041393 0.453524 0.082479 0.102794
2 0.119509 0.379150 0.063985 0.066985
2 0.069775 0.106439 0.028468 0.036660
0 0.399103 0.847185 0.028953 0.133892
0 0.086566 0.583489 0.020819 0.067508
0 0.091117 0.650483 0.021618 0.088838
0 0.316461 0.781225 0.028055 0.117384
0 0.297262 0.808228 0.029173 0.122900
5 0.075015 0.203474 0.069117 0.119982
0 0.271458 0.805068 0.023296 0.115969
2 0.096351 0.103843 0.033616 0.034669
4 0.895404 0.410331 0.205557 0.232903
0 0.356146 0.125648 0.007113 0.037101
0 0.880290 0.294219 0.009550 0.047824
0 0.480216 0.165016 0.006444 0.040531
0 0.341463 0.120493 0.008054 0.036102
0 0.258032 0.810599 0.023949 0.126062
0 0.928495 0.323627 0.012141 0.034928
0 0.458977 0.162814 0.008494 0.040896
0 0.392534 0.140254 0.007735 0.039435
0 0.466432 0.165257 0.008057 0.046962
0 0.421259 0.152397 0.007450 0.036191
0 0.647472 0.218178 0.007761 0.045815
0 0.300930 0.407766 0.012954 0.058616
3 0.301841 0.429370 0.021085 0.058894
0 0.658435 0.240405 0.008808 0.048073
6 0.606340 0.362351 0.012909 0.054239
6 0.137647 0.486108 0.013273 0.043990
0 0.691421 0.248022 0.009278 0.053134
0 0.447431 0.161904 0.007026 0.042933
0 0.386702 0.138738 0.006957 0.045473
2 0.072073 0.076781 0.023488 0.026430
0 0.495197 0.176878 0.008674 0.034134
0 0.929969 0.253125 0.009302 0.033278
0 0.719502 0.248885 0.008828 0.045657
