2 0.236756 0.433368 0.071866 0.094474
2 0.271369 0.399089 0.075806 0.087065
2 0.141189 0.439141 0.066663 0.080121
4 0.371633 0.138623 0.102087 0.090924
2 0.541973 0.305826 0.054324 0.057534
2 0.376516 0.404279 0.083166 0.098792
2 0.280649 0.338968 0.068947 0.073808
2 0.306226 0.208727 0.045932 0.044576
2 0.405204 0.374084 0.067786 0.073977
2 0.203910 0.234006 0.048320 0.055447
2 0.337778 0.338164 0.061516 0.070553
2 0.362918 0.187135 0.041551 0.041536
2 0.419875 0.271207 0.054943 0.051304
2 0.616990 0.831955 0.182035 0.150773
2 0.437841 0.217743 0.049658 0.043068
4 0.609112 0.241105 0.105355 0.139870
2 0.656138 0.367448 0.083038 0.068870
2 0.282376 0.151724 0.038653 0.037684
2 0.204478 0.158294 0.041534 0.037741
0 0.364381 0.515873 0.029099 0.089486
2 0.103275 0.126057 0.037714 0.040937
2 0.041225 0.453179 0.082358 0.102424
2 0.074539 0.089637 0.025205 0.030356
2 0.103502 0.169701 0.029969 0.042008
4 0.154602 0.079823 0.054936 0.065762
2 0.180602 0.257981 0.043904 0.055198
0 0.967596 0.401821 0.012287 0.071891
0 0.314440 0.764992 0.022987 0.089911
0 0.889326 0.303126 0.012938 0.053202
2 0.119892 0.226960 0.035841 0.051009
0 0.094667 0.667111 0.021461 0.104339
0 0.760918 0.275614 0.011127 0.047775
0 0.326972 0.849788 0.026112 0.129954
0 0.480197 0.165252 0.006323 0.040315
2 0.119676 0.379185 0.063986 0.067463
2 0.146852 0.248665 0.034157 0.049678
0 0.302303 0.839161 0.023853 0.123690
0 0.930064 0.257654 0.009345 0.043215
5 0.075568 0.205300 0.070246 0.120588
0 0.538951 0.198907 0.010825 0.042097
0 0.469556 0.169753 0.005792 0.040522
0 0.439165 0.153978 0.006254 0.043474
0 0.297282 0.097315 0.006566 0.027802
0 0.388970 0.463964 0.021343 0.062107
0 0.284493 0.849340 0.023291 0.130467
0 0.522917 0.185853 0.007832 0.044533
5 0.117367 0.105080 0.038370 0.053274
0 0.552588 0.195083 0.007266 0.041146
0 0.016970 0.487978 0.016364 0.077827
7 0.137896 0.486890 0.012520 0.041059
3 0.387232 0.485365 0.027404 0.066635
0 0.627467 0.189809 0.006085 0.014993
0 0.495762 0.177197 0.008625 0.033139
0 0.852573 0.271239 0.008741 0.049859
0 0.608492 0.181776 0.006700 0.020004
2 0.235707 0.296630 0.038469 0.068137
2 0.969903 0.831015 0.060192 0.182629
0 0.692215 0.251739 0.012039 0.057072
7 0.608347 0.359461 0.014446 0.069913
