4 0.182032 0.084740 0.093770 0.074938
2 0.575549 0.778210 0.132622 0.158929
2 0.391037 0.363537 0.070401 0.076997
2 0.459622 0.414829 0.076162 0.082964
2 0.442837 0.264911 0.064024 0.060209
2 0.930435 0.678282 0.126806 0.135599
2 0.919259 0.485777 0.108615 0.082917
2 0.342963 0.392042 0.068308 0.075473
2 0.431551 0.535238 0.093639 0.122058
2 0.690547 0.377788 0.074158 0.087462
2 0.163092 0.157413 0.041597 0.044643
2 0.252615 0.162662 0.038077 0.037068
4 0.374617 0.139850 0.134629 0.104044
2 0.362915 0.186953 0.041684 0.041296
2 0.197903 0.153528 0.036888 0.037823
2 0.369553 0.469153 0.068212 0.112311
2 0.076034 0.092447 0.028180 0.030077
2 0.227112 0.141561 0.035967 0.036381
2 0.438113 0.216471 0.049368 0.041358
2 0.041279 0.453851 0.082488 0.103733
0 0.219521 0.852871 0.021769 0.098081
2 0.283159 0.396192 0.040601 0.074702
0 0.958111 0.418647 0.017528 0.072768
0 0.148874 0.885697 0.035617 0.116985
0 0.938379 0.406731 0.014030 0.071761
0 0.879648 0.296842 0.017864 0.058513
0 0.325125 0.855801 0.030525 0.141246
0 0.176892 0.745961 0.023781 0.106932
0 0.238209 0.829428 0.017406 0.095620
0 0.955548 0.359433 0.012953 0.069366
2 0.466249 0.489082 0.022078 0.083073
0 0.197357 0.734235 0.019919 0.105776
0 0.224649 0.732475 0.022184 0.106426
2 0.744738 0.913937 0.183288 0.172126
2 0.773330 0.523367 0.125059 0.085147
0 0.925692 0.330811 0.010914 0.049810
0 0.237323 0.724431 0.020009 0.105400
0 0.572048 0.205511 0.009777 0.048525
0 0.835083 0.295927 0.009360 0.056091
2 0.127487 0.117391 0.032894 0.036257
0 0.618746 0.217955 0.009180 0.045362
0 0.852444 0.300591 0.009789 0.056535
0 0.627625 0.204125 0.007609 0.045097
0 0.802036 0.289285 0.012630 0.048300
0 0.467851 0.209659 0.009082 0.050753
0 0.583689 0.202402 0.010510 0.043031
0 0.252446 0.713103 0.020559 0.101743
0 0.768132 0.282113 0.010491 0.039208
0 0.640215 0.216798 0.008056 0.046143
0 0.782619 0.274369 0.008919 0.053529
6 0.137889 0.486565 0.012863 0.043426
2 0.774359 0.540634 0.126063 0.120623
0 0.609089 0.195778 0.006744 0.046862
0 0.536142 0.199710 0.008610 0.041364
0 0.719596 0.248898 0.009352 0.050101
0 0.600987 0.196215 0.008222 0.044758
0 0.268312 0.843457 0.044083 0.123105
0 0.613319 0.198667 0.006377 0.044189
0 0.590924 0.188375 0.006738 0.043946
0 0.577343 0.186838 0.009029 0.047062
4 0.197555 0.372604 0.139676 0.200787
0 0.479918 0.185781 0.008689 0.044255
0 0.930053 0.256756 0.010285 0.043373
0 0.658376 0.240290 0.009139 0.048780
0 0.808641 0.284339 0.008448 0.058232
0 0.552331 0.193330 0.006527 0.040701
0 0.265697 0.795423 0.024444 0.103893
0 0.495684 0.177240 0.008368 0.033189
0 0.522330 0.187172 0.006665 0.040797
0 0.517480 0.180972 0.006923 0.045569
5 0.696228 0.677635 0.451846 0.546460
0 0.693018 0.248885 0.012039 0.054218
