2 0.348276 0.398031 0.069311 0.079797
2 0.459866 0.415349 0.076747 0.082948
2 0.475558 0.570500 0.106766 0.130063
2 0.391212 0.363394 0.070267 0.077042
5 0.743171 0.424844 0.078548 0.097419
2 0.573592 0.565167 0.090522 0.111900
2 0.894230 0.505348 0.111821 0.091110
2 0.511575 0.504826 0.095421 0.108860
2 0.151293 0.248741 0.046132 0.051118
2 0.363065 0.186831 0.041569 0.042056
2 0.500559 0.771073 0.172772 0.177917
2 0.126545 0.114905 0.031230 0.033453
0 0.244608 0.567772 0.022587 0.091387
2 0.041294 0.453796 0.082516 0.103776
0 0.048756 0.688076 0.024290 0.110605
0 0.214321 0.527105 0.016869 0.085724
0 0.922110 0.375775 0.013862 0.064985
0 0.627174 0.457719 0.015455 0.080962
4 0.179827 0.087510 0.119892 0.080096
2 0.918047 0.477545 0.109009 0.082667
0 0.950263 0.345074 0.016485 0.061665
0 0.571143 0.205858 0.009256 0.048580
2 0.414213 0.505567 0.072442 0.121970
0 0.863989 0.417414 0.017764 0.076389
0 0.592878 0.465863 0.022954 0.077717
0 0.338875 0.490967 0.011845 0.082423
0 0.326319 0.501520 0.018888 0.091394
0 0.351236 0.126227 0.006039 0.036027
2 0.283678 0.396735 0.040900 0.077406
0 0.877470 0.420419 0.017941 0.062872
0 0.601193 0.204342 0.011466 0.048666
0 0.537711 0.199284 0.009151 0.042542
0 0.363032 0.128797 0.007738 0.037186
0 0.522829 0.443637 0.012699 0.043116
0 0.478709 0.168847 0.009367 0.045890
0 0.623357 0.224450 0.009841 0.051947
0 0.582356 0.459350 0.011944 0.076647
0 0.617673 0.217439 0.006641 0.043039
0 0.400047 0.146432 0.007467 0.036079
0 0.343809 0.111294 0.006741 0.036336
0 0.796660 0.277785 0.010572 0.056820
0 0.429434 0.153037 0.007993 0.037997
0 0.438808 0.153512 0.008722 0.044254
2 0.974413 0.484757 0.051175 0.105154
0 0.552922 0.196542 0.006404 0.039070
0 0.375069 0.135050 0.008039 0.039534
0 0.420162 0.147586 0.007862 0.040023
0 0.466773 0.160417 0.008353 0.039504
0 0.412475 0.144645 0.007010 0.039202
0 0.440395 0.459860 0.011266 0.045449
0 0.548032 0.188732 0.007367 0.044868
0 0.636870 0.206687 0.009346 0.044488
0 0.658164 0.239823 0.009928 0.049127
0 0.473422 0.161943 0.005889 0.040938
6 0.606453 0.361864 0.013005 0.054007
0 0.587599 0.206315 0.008724 0.045548
0 0.602386 0.456384 0.011969 0.068157
0 0.564137 0.462826 0.015167 0.081806
4 0.252815 0.296145 0.106680 0.133654
6 0.137804 0.486347 0.012949 0.043160
0 0.609262 0.196045 0.006228 0.043560
0 0.521618 0.191948 0.006926 0.041773
2 0.097856 0.099856 0.022302 0.038835
2 0.081135 0.092115 0.023535 0.032361
0 0.578749 0.191632 0.008847 0.052066
0 0.930337 0.255619 0.008578 0.038962
0 0.613348 0.198763 0.007285 0.043771
0 0.503002 0.179808 0.007797 0.041060
5 0.836276 0.757847 0.327448 0.484305
4 0.195024 0.372302 0.149278 0.221152
4 0.097111 0.245318 0.102729 0.126984
0 0.692215 0.251026 0.012039 0.055645
