4 0.323674 0.123207 0.095214 0.088120
2 0.312216 0.361635 0.064686 0.074711
2 0.264867 0.389551 0.065917 0.080056
2 0.786063 0.608247 0.110583 0.123481
2 0.386602 0.495382 0.084758 0.094610
2 0.497886 0.476427 0.088796 0.107638
2 0.342941 0.535472 0.097231 0.120480
2 0.259771 0.273832 0.053436 0.061394
2 0.205434 0.507381 0.080294 0.117001
2 0.338245 0.319859 0.053395 0.065203
2 0.710575 0.396823 0.086467 0.071515
2 0.438024 0.217410 0.049022 0.043218
2 0.415882 0.258098 0.044633 0.051696
2 0.082009 0.096820 0.028047 0.031626
2 0.409767 0.418377 0.064999 0.097308
2 0.231244 0.172441 0.041800 0.045383
2 0.265957 0.166619 0.037723 0.039524
2 0.362756 0.186837 0.042092 0.042001
2 0.142106 0.103941 0.030559 0.033691
4 0.443577 0.162761 0.114408 0.102764
2 0.475023 0.407016 0.066951 0.067637
2 0.575277 0.532801 0.079914 0.100469
2 0.041240 0.453695 0.082408 0.103777
4 0.713607 0.308963 0.220209 0.198863
0 0.973251 0.410309 0.017507 0.070813
0 0.153084 0.666994 0.027281 0.111559
0 0.951056 0.402265 0.012056 0.071029
0 0.179006 0.969136 0.034439 0.061343
0 0.572230 0.205597 0.010635 0.048211
2 0.966942 0.896759 0.066115 0.153025
0 0.536179 0.199707 0.008237 0.041649
0 0.578489 0.188836 0.008508 0.043225
0 0.590725 0.189047 0.007020 0.042821
2 0.959364 0.719973 0.080974 0.164339
0 0.514889 0.190089 0.009430 0.037926
0 0.609190 0.194410 0.006533 0.042364
0 0.599873 0.229461 0.009599 0.050017
0 0.615653 0.197544 0.006868 0.038675
2 0.060170 0.083908 0.025105 0.027685
0 0.622756 0.206269 0.007125 0.020755
7 0.137860 0.486467 0.012837 0.041551
0 0.601679 0.191813 0.008939 0.035742
0 0.627695 0.199056 0.006599 0.033233
0 0.244733 0.804116 0.025779 0.118709
0 0.153475 0.588251 0.014124 0.074753
0 0.551381 0.195974 0.010672 0.042636
4 0.691011 0.787810 0.407705 0.424380
5 0.109551 0.220350 0.137239 0.196897
7 0.607143 0.355181 0.015249 0.069913
