4 0.389720 0.140619 0.100420 0.095485
0 0.008404 0.578158 0.016804 0.091961
2 0.318264 0.191404 0.044669 0.043121
2 0.282111 0.152062 0.038691 0.037310
2 0.792559 0.470942 0.055988 0.082640
2 0.217562 0.144391 0.035813 0.035093
0 0.035215 0.576276 0.021097 0.097052
0 0.833277 0.435396 0.023664 0.070338
2 0.161890 0.136523 0.034227 0.036450
0 0.727156 0.442234 0.014588 0.080710
0 0.901402 0.315601 0.013591 0.055145
2 0.442517 0.216928 0.040505 0.041046
5 0.411460 0.222187 0.071230 0.070892
0 0.857398 0.424392 0.017638 0.071203
0 0.839362 0.410980 0.012317 0.068345
0 0.762897 0.423541 0.017675 0.075132
0 0.897547 0.424540 0.014482 0.070258
2 0.141127 0.439358 0.066183 0.079869
0 0.491653 0.488192 0.012680 0.061436
2 0.108887 0.374166 0.066795 0.079915
2 0.171163 0.123788 0.027447 0.032351
0 0.981101 0.324825 0.011884 0.053112
0 0.621276 0.216856 0.008871 0.046100
0 0.877906 0.314066 0.012571 0.052672
0 0.576830 0.205321 0.010788 0.051469
0 0.658685 0.241232 0.009587 0.048872
0 0.471979 0.168903 0.009582 0.044027
0 0.521225 0.185098 0.009596 0.045969
0 0.929947 0.257293 0.009606 0.044872
0 0.966177 0.348609 0.012926 0.061214
0 0.885572 0.306487 0.011449 0.055970
0 0.608953 0.226309 0.010198 0.042434
0 0.563074 0.199509 0.007302 0.044320
0 0.686475 0.248492 0.008867 0.046937
0 0.691925 0.249983 0.007340 0.050236
0 0.628304 0.204330 0.007671 0.043162
0 0.301116 0.407149 0.012205 0.059938
0 0.597485 0.199395 0.010742 0.048161
0 0.480062 0.164870 0.006395 0.041564
0 0.539195 0.197974 0.013761 0.045378
0 0.554487 0.196457 0.008485 0.038539
0 0.836740 0.249945 0.009337 0.047431
2 0.109619 0.088571 0.034626 0.026359
0 0.506791 0.516602 0.022878 0.071315
3 0.505197 0.541034 0.042392 0.068945
2 0.040904 0.453920 0.081633 0.103474
3 0.303042 0.425167 0.024581 0.064849
0 0.607507 0.194551 0.007067 0.043749
0 0.582517 0.201902 0.007042 0.046925
0 0.828965 0.250085 0.009186 0.043868
0 0.551240 0.189804 0.007990 0.043908
2 0.052980 0.066579 0.021716 0.028867
0 0.665238 0.215162 0.007583 0.047759
0 0.614983 0.199289 0.006022 0.040993
2 0.152680 0.083315 0.016075 0.027048
0 0.502303 0.178985 0.007618 0.041670
0 0.545489 0.185775 0.006620 0.041367
0 0.588800 0.189779 0.007544 0.042813
2 0.216119 0.078816 0.037063 0.035160
0 0.944357 0.254831 0.008232 0.042094
0 0.444882 0.154669 0.009021 0.048668
0 0.456159 0.162964 0.008555 0.045349
6 0.137640 0.488586 0.015249 0.045657
6 0.607143 0.360888 0.015249 0.055645
