2 0.348269 0.398178 0.069216 0.080190
2 0.847322 0.490181 0.070960 0.090349
2 0.472626 0.568297 0.105107 0.129254
2 0.459815 0.414917 0.076536 0.083330
2 0.391134 0.363411 0.070101 0.076685
2 0.585473 0.307455 0.065923 0.058219
2 0.498154 0.498001 0.086219 0.106064
2 0.680249 0.880618 0.152659 0.183060
2 0.508500 0.318071 0.067035 0.057081
2 0.423154 0.263166 0.058257 0.053436
2 0.203873 0.153106 0.042002 0.043097
2 0.259899 0.181056 0.037494 0.053358
2 0.307549 0.188009 0.042651 0.041128
4 0.374806 0.139729 0.135001 0.104322
2 0.170450 0.108984 0.028057 0.031476
2 0.362809 0.186885 0.041818 0.041789
2 0.438179 0.217406 0.049577 0.042749
0 0.214883 0.762233 0.025126 0.125018
2 0.041541 0.453926 0.083016 0.103481
2 0.119003 0.114090 0.032012 0.033120
2 0.397123 0.491388 0.072742 0.116495
0 0.168893 0.588637 0.020402 0.084262
0 0.979010 0.402481 0.014941 0.071069
2 0.081103 0.093798 0.029414 0.033970
0 0.105023 0.657821 0.019189 0.098872
0 0.161640 0.705748 0.026397 0.112676
0 0.909461 0.384682 0.016167 0.071274
0 0.896464 0.314662 0.016531 0.059523
0 0.205790 0.559253 0.030310 0.085984
0 0.913555 0.326023 0.010784 0.051022
0 0.771742 0.269984 0.010171 0.054338
0 0.877442 0.313885 0.009704 0.049002
2 0.532040 0.549266 0.020610 0.071469
0 0.618703 0.217933 0.009138 0.045261
0 0.574361 0.206073 0.009427 0.049125
0 0.629592 0.204726 0.009154 0.044673
0 0.938487 0.330626 0.011360 0.055186
0 0.869038 0.308612 0.010898 0.054542
0 0.836625 0.304011 0.009523 0.041810
0 0.568642 0.201069 0.006043 0.042783
2 0.283658 0.396950 0.040928 0.075610
4 0.156976 0.078196 0.069170 0.064036
0 0.934620 0.420774 0.015485 0.069086
0 0.658443 0.239931 0.009111 0.049191
0 0.136905 0.747550 0.014000 0.087790
0 0.552642 0.195718 0.006833 0.040639
0 0.125641 0.653034 0.021491 0.093454
0 0.468225 0.161493 0.007596 0.039057
0 0.779943 0.267356 0.010574 0.055639
0 0.601115 0.195859 0.008954 0.045125
0 0.609133 0.195571 0.006821 0.047798
0 0.480604 0.165056 0.006087 0.040894
0 0.085258 0.656350 0.020609 0.081131
0 0.936449 0.362874 0.012030 0.056347
0 0.590369 0.187951 0.006878 0.045552
2 0.143878 0.110513 0.026047 0.030149
6 0.137770 0.486343 0.012813 0.043052
6 0.606552 0.361999 0.013047 0.054402
2 0.059130 0.081267 0.023179 0.027101
0 0.475310 0.167309 0.007733 0.045126
0 0.536173 0.199171 0.008249 0.042002
0 0.522345 0.190859 0.008021 0.044344
0 0.577560 0.186644 0.009087 0.043066
0 0.540036 0.186681 0.006836 0.042696
0 0.793857 0.276736 0.006767 0.053412
0 0.613473 0.198554 0.006995 0.043426
0 0.200397 0.519132 0.011175 0.042322
5 0.767657 0.723292 0.464687 0.552167
4 0.189807 0.369449 0.158106 0.235420
0 0.691413 0.252452 0.013644 0.058498
0 0.931782 0.253879 0.012841 0.038523
