2 0.348190 0.398011 0.069481 0.079960
2 0.459875 0.415291 0.076563 0.083533
2 0.475636 0.570778 0.107093 0.129513
2 0.391082 0.363595 0.070042 0.076556
2 0.814146 0.504169 0.125925 0.094882
2 0.903224 0.573303 0.148644 0.107404
2 0.906754 0.474637 0.109246 0.086533
2 0.574533 0.567125 0.089663 0.109885
2 0.401779 0.888362 0.187408 0.163670
2 0.521945 0.505945 0.103395 0.107084
2 0.600503 0.325807 0.070327 0.057604
2 0.362911 0.186880 0.041917 0.041965
5 0.426964 0.260527 0.050106 0.069620
0 0.318730 0.507053 0.021864 0.094451
2 0.124474 0.112920 0.028232 0.033542
0 0.224543 0.668929 0.020956 0.103022
2 0.649435 0.620200 0.085495 0.140131
0 0.024182 0.504295 0.024512 0.085830
0 0.720917 0.440770 0.018645 0.069955
0 0.037339 0.686641 0.021995 0.107526
0 0.282263 0.545318 0.019160 0.088994
0 0.258356 0.506545 0.029314 0.082365
0 0.887396 0.308152 0.017123 0.061692
0 0.216490 0.543308 0.028232 0.089602
0 0.189184 0.581668 0.020582 0.102045
0 0.250692 0.595453 0.015471 0.093715
2 0.096920 0.098734 0.023081 0.038891
0 0.864621 0.397323 0.013669 0.059288
2 0.971405 0.476311 0.057189 0.086382
2 0.365007 0.272235 0.056486 0.056512
4 0.279975 0.316139 0.113939 0.139458
0 0.622783 0.453155 0.012124 0.070949
2 0.041491 0.450331 0.082732 0.096604
0 0.984089 0.365062 0.012123 0.065066
0 0.363855 0.129172 0.009518 0.038270
0 0.347555 0.126400 0.005462 0.036277
2 0.414902 0.505781 0.073866 0.120917
0 0.573774 0.206196 0.008774 0.049653
0 0.327937 0.105684 0.007358 0.034444
0 0.438697 0.154041 0.008064 0.043769
0 0.624888 0.223915 0.009020 0.052976
0 0.375058 0.135528 0.008207 0.039448
0 0.399992 0.145969 0.007075 0.037308
0 0.649734 0.219752 0.010153 0.049072
0 0.552863 0.196011 0.006413 0.039990
0 0.466869 0.160901 0.008795 0.039843
0 0.537810 0.199297 0.010140 0.042183
0 0.578764 0.186938 0.008770 0.042766
0 0.601738 0.196361 0.009189 0.044065
0 0.548694 0.188774 0.007110 0.045424
0 0.420122 0.147925 0.007306 0.039765
0 0.993323 0.391163 0.013234 0.071359
0 0.427726 0.152311 0.008529 0.038323
6 0.605080 0.361549 0.011190 0.055709
0 0.412968 0.144846 0.006864 0.038422
0 0.477324 0.170398 0.006477 0.043592
0 0.609196 0.194578 0.006265 0.040811
2 0.075311 0.089342 0.023470 0.032106
0 0.521791 0.191945 0.007110 0.040971
0 0.613740 0.199236 0.006641 0.045673
0 0.658210 0.240161 0.009310 0.049446
0 0.639582 0.218558 0.008544 0.049255
6 0.137715 0.486631 0.013011 0.044102
0 0.496487 0.177363 0.008392 0.033446
0 0.430136 0.452172 0.011426 0.031527
0 0.473335 0.161335 0.005802 0.039940
4 0.145594 0.078556 0.025160 0.049775
0 0.481008 0.165806 0.005140 0.041514
0 0.589723 0.190133 0.009490 0.041871
0 0.620432 0.216782 0.009470 0.044805
2 0.660025 0.736566 0.061723 0.114200
0 0.931455 0.252028 0.009772 0.031405
5 0.838283 0.762128 0.323435 0.475745
4 0.192215 0.373729 0.159711 0.212591
4 0.103531 0.246032 0.115570 0.119850
0 0.691814 0.251026 0.012841 0.055645
