2 0.564489 0.768126 0.129603 0.156138
4 0.185122 0.086828 0.099921 0.075854
2 0.459267 0.414715 0.075603 0.083439
2 0.391034 0.363514 0.070261 0.076760
2 0.337874 0.388533 0.067686 0.075217
2 0.927348 0.677717 0.129574 0.135318
2 0.426681 0.531402 0.093139 0.121918
2 0.481814 0.283224 0.068372 0.062114
2 0.437973 0.217642 0.049224 0.043328
2 0.365848 0.465964 0.068245 0.111045
2 0.185600 0.169021 0.043933 0.046319
4 0.374940 0.140437 0.135322 0.104552
2 0.362958 0.186983 0.041626 0.041568
2 0.269589 0.169871 0.039844 0.040563
2 0.135799 0.121733 0.033544 0.037598
2 0.240458 0.148541 0.036163 0.036874
2 0.078866 0.094130 0.028335 0.031330
2 0.212930 0.159601 0.033906 0.038352
2 0.041289 0.453822 0.082536 0.103657
0 0.332559 0.864123 0.027305 0.138085
2 0.463151 0.487117 0.018233 0.079717
2 0.772304 0.413870 0.081466 0.093336
0 0.247569 0.836371 0.020548 0.092209
2 0.281734 0.394833 0.038367 0.075258
0 0.941948 0.403785 0.015458 0.070708
0 0.888385 0.299794 0.016281 0.060654
0 0.959246 0.418444 0.015317 0.072234
0 0.272631 0.814982 0.024030 0.119934
0 0.188605 0.753403 0.021379 0.109169
2 0.734257 0.911356 0.181122 0.175919
0 0.227824 0.863738 0.028939 0.099645
0 0.847562 0.299349 0.013067 0.058552
0 0.828666 0.293698 0.010083 0.055069
0 0.958118 0.354886 0.013248 0.065494
0 0.231503 0.737186 0.019488 0.104300
0 0.571985 0.205099 0.009703 0.049061
0 0.919665 0.328677 0.011109 0.048322
0 0.206129 0.742891 0.019534 0.108904
0 0.618844 0.217943 0.009236 0.045541
0 0.473999 0.211942 0.014527 0.050027
0 0.246615 0.728784 0.017640 0.103129
0 0.775717 0.271403 0.009754 0.053895
0 0.262169 0.719536 0.020933 0.097243
0 0.588548 0.202431 0.009149 0.042806
0 0.559566 0.203752 0.008145 0.040578
2 0.981601 0.528850 0.036798 0.067222
0 0.803195 0.282757 0.011669 0.059166
0 0.795000 0.286406 0.009454 0.047623
2 0.770578 0.529607 0.126054 0.096991
0 0.627606 0.204012 0.006929 0.043918
0 0.763269 0.280111 0.008336 0.039151
0 0.298007 0.844658 0.040528 0.130558
0 0.552574 0.194880 0.007138 0.039470
0 0.174665 0.890919 0.035894 0.117128
0 0.488143 0.190393 0.008299 0.040892
0 0.608863 0.195911 0.006728 0.046248
0 0.635478 0.214915 0.006999 0.045011
6 0.137881 0.486194 0.012976 0.043159
0 0.536230 0.199947 0.008269 0.041261
0 0.477999 0.168059 0.009589 0.044826
0 0.930227 0.257818 0.010031 0.045000
0 0.600842 0.197953 0.007750 0.040562
0 0.577204 0.187048 0.009092 0.045869
0 0.613404 0.198449 0.006287 0.043831
0 0.168580 0.889790 0.023239 0.114466
0 0.522320 0.186866 0.007196 0.041214
0 0.459648 0.169000 0.007133 0.041726
2 0.116879 0.095962 0.029016 0.029324
4 0.199068 0.372987 0.136962 0.202226
5 0.689406 0.666934 0.452648 0.547887
0 0.693018 0.248885 0.013644 0.062779
0 0.659800 0.235450 0.014491 0.063412
0 0.550130 0.168726 0.008959 0.022697
0 0.152488 0.588461 0.024077 0.102729
