2 0.557270 0.544663 0.068958 0.108197
2 0.231172 0.444612 0.077338 0.094658
2 0.572159 0.743422 0.143592 0.171983
2 0.216836 0.352897 0.066763 0.082203
2 0.913482 0.675655 0.147172 0.135573
2 0.798382 0.468349 0.100209 0.082214
2 0.760935 0.599964 0.105553 0.119238
2 0.527174 0.313323 0.069275 0.060636
2 0.753795 0.786531 0.146298 0.157623
2 0.525890 0.446440 0.053268 0.084603
2 0.834433 0.716667 0.148636 0.165111
2 0.169328 0.212759 0.046444 0.051764
2 0.362747 0.187063 0.041563 0.041543
2 0.437023 0.255089 0.054887 0.055278
4 0.414797 0.152958 0.107071 0.103612
2 0.668507 0.616906 0.097963 0.141967
2 0.080726 0.240492 0.040743 0.049831
2 0.698247 0.521523 0.127028 0.084866
2 0.114268 0.115574 0.030486 0.032047
2 0.865320 0.937369 0.180656 0.125262
4 0.544594 0.209598 0.165604 0.140501
2 0.437918 0.215556 0.049535 0.039924
4 0.169147 0.084172 0.092541 0.074156
2 0.041347 0.453623 0.082695 0.103506
2 0.184033 0.127053 0.032952 0.032841
2 0.078487 0.286993 0.030312 0.058503
0 0.962264 0.418136 0.016371 0.071826
2 0.962344 0.958020 0.075312 0.083900
0 0.945475 0.402283 0.013477 0.072440
0 0.052606 0.603405 0.021348 0.094011
2 0.096013 0.098758 0.024607 0.030248
0 0.017876 0.575812 0.016207 0.082333
2 0.968916 0.846926 0.061734 0.175058
0 0.354910 0.126058 0.007478 0.036704
2 0.491619 0.975661 0.027760 0.047899
2 0.257361 0.329698 0.024626 0.074811
0 0.766745 0.269408 0.011311 0.053473
2 0.150023 0.289860 0.039344 0.076766
2 0.269565 0.266445 0.053603 0.041866
0 0.331187 0.108710 0.007353 0.034273
0 0.929008 0.256754 0.009949 0.044603
7 0.137983 0.486361 0.012647 0.041024
0 0.639484 0.244650 0.008906 0.049698
0 0.302169 0.097325 0.004885 0.028391
5 0.395265 0.440075 0.267255 0.359551
0 0.691413 0.249599 0.016854 0.064205
0 0.153291 0.580614 0.020867 0.101302
7 0.606742 0.358035 0.020867 0.078473
