2 0.348277 0.397889 0.069477 0.079762
2 0.475732 0.570969 0.106346 0.129654
2 0.391142 0.363343 0.070223 0.076923
2 0.499984 0.495210 0.089680 0.099970
2 0.459791 0.414904 0.076775 0.083329
2 0.570465 0.561290 0.093790 0.112228
2 0.167378 0.134903 0.035497 0.035482
4 0.374728 0.139364 0.134813 0.103252
2 0.362760 0.187063 0.041946 0.041544
5 0.801800 0.471567 0.045899 0.106309
2 0.249536 0.159917 0.036054 0.036333
0 0.662442 0.436194 0.022961 0.080867
0 0.048426 0.687923 0.023810 0.111388
0 0.907654 0.316351 0.016755 0.058933
0 0.291809 0.518906 0.020079 0.083705
2 0.131566 0.116295 0.027803 0.041593
0 0.837159 0.408276 0.020699 0.075036
0 0.735648 0.432347 0.023395 0.093466
0 0.571232 0.470940 0.018053 0.077286
2 0.156848 0.099576 0.027756 0.030208
2 0.400500 0.496241 0.076416 0.118142
0 0.724192 0.411300 0.014331 0.070192
2 0.075154 0.090727 0.026636 0.029736
0 0.884126 0.392106 0.016721 0.069204
0 0.897202 0.399242 0.017664 0.064308
0 0.832689 0.297341 0.011871 0.051140
0 0.631058 0.455045 0.013453 0.079848
2 0.283623 0.397216 0.041123 0.076065
0 0.976979 0.347293 0.017941 0.061047
0 0.618487 0.218165 0.008923 0.045084
0 0.574389 0.205967 0.008783 0.050310
2 0.103131 0.103066 0.032166 0.034231
0 0.631100 0.223347 0.010708 0.051810
0 0.479564 0.164882 0.006531 0.041246
0 0.520683 0.445421 0.012244 0.059867
0 0.029015 0.499151 0.015552 0.070559
0 0.846653 0.306879 0.009563 0.044263
0 0.553178 0.196823 0.006274 0.038949
0 0.508765 0.181577 0.008074 0.045282
0 0.467869 0.160548 0.007382 0.039443
2 0.041679 0.458226 0.082819 0.112302
0 0.996390 0.343116 0.006946 0.057089
0 0.473471 0.161857 0.005903 0.039895
0 0.601515 0.196536 0.008696 0.043967
6 0.137876 0.486294 0.012691 0.042947
0 0.578698 0.187777 0.008602 0.043589
0 0.495240 0.185141 0.006755 0.038563
0 0.536600 0.199816 0.009381 0.041210
0 0.501837 0.181315 0.006566 0.043084
0 0.591040 0.188681 0.009327 0.043441
0 0.521612 0.190443 0.007187 0.044506
6 0.606486 0.361974 0.012756 0.053759
0 0.609195 0.195904 0.006234 0.041101
0 0.540420 0.189544 0.008800 0.045436
0 0.865855 0.402769 0.017142 0.075205
0 0.613362 0.198309 0.007007 0.041686
0 0.010381 0.506777 0.017601 0.079155
5 0.827448 0.756108 0.345104 0.483681
4 0.188202 0.378010 0.154896 0.209738
0 0.692215 0.251026 0.012039 0.055645
0 0.658909 0.238898 0.014446 0.057072
0 0.928973 0.252452 0.015249 0.038523
