4 0.382505 0.137563 0.099356 0.095021
2 0.402966 0.375262 0.068474 0.077876
2 0.219802 0.419035 0.067982 0.092678
2 0.251995 0.382908 0.072594 0.084590
2 0.141132 0.438945 0.066737 0.079811
2 0.342982 0.381339 0.079344 0.096138
2 0.268598 0.218439 0.050570 0.054394
2 0.494516 0.266457 0.053658 0.053546
2 0.273670 0.334290 0.066575 0.074046
2 0.339542 0.221816 0.044859 0.049372
2 0.068037 0.191058 0.038702 0.047681
2 0.437741 0.217745 0.050023 0.043310
2 0.160153 0.157016 0.038776 0.043896
2 0.119693 0.217682 0.036767 0.058178
0 0.707616 0.441837 0.023478 0.080058
2 0.131838 0.191281 0.037190 0.045453
2 0.202529 0.338252 0.062817 0.083466
2 0.940448 0.524681 0.118770 0.085951
2 0.041114 0.453541 0.082195 0.103451
2 0.186309 0.259871 0.043226 0.054969
0 0.168762 0.615509 0.023097 0.099023
2 0.923549 0.964425 0.152901 0.069724
2 0.277708 0.182907 0.050077 0.044602
2 0.119748 0.378990 0.064816 0.066885
0 0.080831 0.579562 0.020736 0.091521
0 0.392142 0.775786 0.028521 0.125753
2 0.247524 0.154737 0.030859 0.036455
2 0.282016 0.150033 0.038246 0.034250
2 0.272591 0.283692 0.050088 0.044265
0 0.243947 0.558160 0.016444 0.088652
0 0.314971 0.782544 0.030940 0.121552
0 0.276615 0.800463 0.021423 0.120966
0 0.259317 0.812186 0.024163 0.122648
4 0.922647 0.389869 0.154144 0.243688
0 0.296659 0.808468 0.030209 0.122702
0 0.480131 0.165079 0.006738 0.040969
0 0.465253 0.168222 0.006971 0.040865
0 0.538783 0.198265 0.011322 0.044620
2 0.061360 0.087735 0.024666 0.028400
0 0.740659 0.258065 0.009496 0.055637
0 0.562045 0.199342 0.007296 0.044251
0 0.575806 0.206646 0.008265 0.050274
0 0.523764 0.185291 0.009871 0.045953
0 0.658241 0.240058 0.009662 0.049607
2 0.080646 0.082778 0.018910 0.028636
0 0.554662 0.197492 0.007429 0.036596
0 0.614584 0.217711 0.006026 0.041680
5 0.716773 0.379092 0.115954 0.116369
0 0.302792 0.148481 0.007734 0.038823
0 0.628440 0.204168 0.008792 0.043474
0 0.607414 0.192813 0.006403 0.041600
0 0.458548 0.163499 0.007904 0.039895
0 0.609131 0.226160 0.007569 0.043890
0 0.549419 0.189901 0.008746 0.044403
0 0.253058 0.577166 0.017099 0.088228
3 0.301952 0.429870 0.020830 0.056518
0 0.597054 0.200495 0.009092 0.045726
0 0.293377 0.096660 0.006933 0.031461
0 0.301247 0.408203 0.011916 0.056650
0 0.581892 0.200774 0.006384 0.044991
6 0.606369 0.363244 0.012947 0.054384
6 0.137564 0.486387 0.013277 0.044868
0 0.930173 0.256558 0.009111 0.041044
2 0.152958 0.082886 0.015577 0.026494
0 0.495246 0.177033 0.007828 0.032343
0 0.691875 0.251617 0.009753 0.052018
0 0.441769 0.152534 0.010218 0.048716
