2 0.348265 0.397857 0.069384 0.079663
2 0.459837 0.414796 0.076697 0.083167
2 0.475830 0.570740 0.106257 0.129484
2 0.500053 0.495480 0.089680 0.101115
2 0.565706 0.562482 0.084508 0.109750
2 0.391163 0.363467 0.070238 0.076978
2 0.965666 0.388370 0.068669 0.070133
2 0.212541 0.157540 0.037920 0.039785
2 0.278321 0.177788 0.035390 0.041220
4 0.374777 0.139317 0.134814 0.103161
2 0.362953 0.186916 0.041699 0.041251
2 0.423848 0.213266 0.054035 0.042937
2 0.160924 0.131722 0.029542 0.044577
2 0.086614 0.097374 0.028730 0.030964
2 0.041302 0.453447 0.082502 0.103463
0 0.283010 0.545697 0.018593 0.080162
0 0.821830 0.402668 0.017642 0.073997
0 0.085693 0.541915 0.016549 0.085775
2 0.220100 0.142951 0.034120 0.037113
0 0.087827 0.702056 0.025919 0.113674
2 0.402385 0.495927 0.072389 0.117593
0 0.897307 0.420982 0.017642 0.072929
0 0.799074 0.444447 0.016401 0.073336
0 0.914908 0.366146 0.015659 0.061485
0 0.866753 0.391968 0.014165 0.066789
2 0.283712 0.396893 0.040879 0.075176
0 0.837028 0.428690 0.013959 0.074732
0 0.916759 0.301523 0.012280 0.054641
0 0.026304 0.647886 0.018600 0.080439
0 0.574232 0.206390 0.009035 0.050034
2 0.136443 0.090550 0.026637 0.028313
0 0.618796 0.217885 0.009072 0.045043
0 0.774961 0.275234 0.010475 0.054412
0 0.351304 0.497972 0.021736 0.089708
0 0.936111 0.364886 0.014145 0.056781
2 0.127626 0.117608 0.033586 0.031896
0 0.629918 0.204851 0.008099 0.044324
0 0.883307 0.312800 0.011280 0.055079
0 0.542383 0.186620 0.007145 0.042856
0 0.478885 0.165382 0.006895 0.040196
0 0.658486 0.240267 0.009089 0.049455
0 0.462123 0.169066 0.008969 0.042280
0 0.470574 0.168637 0.009073 0.042714
0 0.923136 0.331850 0.009886 0.043742
0 0.560151 0.187039 0.008615 0.046808
0 0.608416 0.196541 0.007929 0.045715
0 0.552606 0.195674 0.007201 0.040445
0 0.590437 0.188148 0.007011 0.044950
0 0.535714 0.196566 0.009504 0.047292
6 0.137791 0.486496 0.013030 0.043929
0 0.950654 0.341499 0.014685 0.045030
0 0.959497 0.337989 0.007556 0.037114
2 0.214575 0.077484 0.040297 0.037553
0 0.965943 0.335312 0.009456 0.039473
0 0.755684 0.273011 0.005976 0.039603
0 0.929350 0.253475 0.009015 0.035353
0 0.050014 0.551857 0.017941 0.065697
0 0.888481 0.303230 0.009814 0.056224
0 0.613495 0.198529 0.006304 0.042020
0 0.578560 0.188315 0.008789 0.041732
6 0.606468 0.362087 0.012849 0.053912
0 0.691588 0.250066 0.010667 0.049775
0 0.018844 0.577405 0.017941 0.082472
0 0.522552 0.187652 0.007577 0.039758
5 0.801364 0.736446 0.397271 0.527109
4 0.188604 0.374443 0.158909 0.214018
