2 0.298696 0.363015 0.068433 0.073465
2 0.179756 0.677710 0.119149 0.156047
2 0.702907 0.573010 0.116060 0.128128
2 0.430669 0.393834 0.070347 0.076542
2 0.446188 0.604365 0.103358 0.113286
2 0.353791 0.478165 0.070493 0.096673
2 0.695560 0.740161 0.137547 0.135400
2 0.753220 0.888581 0.166390 0.181975
2 0.407827 0.446169 0.078703 0.088098
2 0.930312 0.927331 0.139375 0.144367
4 0.354069 0.133306 0.094222 0.088948
2 0.594406 0.576227 0.090191 0.133543
2 0.091624 0.244819 0.042931 0.054635
2 0.437743 0.217662 0.049698 0.043096
2 0.362697 0.187162 0.041641 0.041697
2 0.289999 0.293066 0.063159 0.075391
2 0.106894 0.174859 0.040609 0.047802
2 0.200431 0.159964 0.035706 0.039257
2 0.313036 0.185593 0.041972 0.042345
2 0.134460 0.121763 0.031921 0.034473
4 0.443913 0.162658 0.113574 0.102623
2 0.092347 0.197153 0.039389 0.056896
2 0.111653 0.132745 0.033485 0.035316
2 0.198560 0.132396 0.033597 0.029175
2 0.041102 0.453797 0.082202 0.103239
0 0.356835 0.918437 0.023783 0.142010
2 0.047563 0.164583 0.037231 0.054250
2 0.882679 0.777011 0.134674 0.174806
0 0.906471 0.321901 0.013609 0.052202
0 0.954052 0.401688 0.012218 0.072630
0 0.882250 0.308232 0.010524 0.053978
0 0.445622 0.929702 0.030955 0.137112
2 0.071373 0.089187 0.024949 0.029618
0 0.403999 0.962103 0.035547 0.075578
0 0.620804 0.217346 0.011470 0.044972
0 0.606419 0.226096 0.008612 0.041506
0 0.574461 0.206338 0.008613 0.048456
0 0.536528 0.199209 0.009349 0.042271
5 0.151706 0.276896 0.114543 0.160225
0 0.658421 0.240249 0.009227 0.048660
0 0.578931 0.187766 0.007931 0.041901
0 0.590963 0.191020 0.007485 0.041586
0 0.557830 0.184986 0.007983 0.044270
0 0.930474 0.256573 0.008910 0.040675
7 0.137819 0.486391 0.013041 0.041178
0 0.301394 0.097156 0.004774 0.028926
0 0.609679 0.193194 0.007529 0.038042
0 0.552943 0.195577 0.007269 0.040669
0 0.615139 0.201100 0.007432 0.042388
0 0.627479 0.204365 0.007013 0.043231
2 0.214748 0.077820 0.039746 0.038337
0 0.523565 0.186226 0.008794 0.045218
2 0.099676 0.094356 0.016844 0.019517
2 0.185783 0.222592 0.038176 0.050039
0 0.540441 0.186720 0.007360 0.041963
0 0.692482 0.251739 0.012841 0.054218
7 0.609149 0.358035 0.017657 0.064205
