2 0.348277 0.398115 0.069426 0.079944
2 0.474410 0.569932 0.105471 0.130551
2 0.853195 0.475688 0.058447 0.085752
2 0.459893 0.415030 0.076720 0.082953
2 0.391127 0.363513 0.070094 0.076397
2 0.499357 0.495772 0.088539 0.101675
2 0.470758 0.298218 0.061950 0.055940
2 0.539905 0.287646 0.061841 0.055805
2 0.690562 0.892121 0.154806 0.184877
2 0.193639 0.148070 0.040873 0.043150
2 0.168881 0.108336 0.028577 0.031247
2 0.391957 0.246137 0.054651 0.048126
4 0.374738 0.139790 0.135285 0.104329
2 0.438214 0.217751 0.049664 0.043334
2 0.362914 0.186964 0.041749 0.041768
2 0.398730 0.493191 0.072473 0.116337
2 0.283620 0.176117 0.040499 0.039227
2 0.245537 0.174451 0.036160 0.052219
2 0.041202 0.453705 0.082319 0.103447
2 0.115841 0.112167 0.031901 0.032752
0 0.974917 0.403381 0.018668 0.070674
0 0.203996 0.753343 0.019681 0.121414
0 0.945919 0.332157 0.015576 0.057382
0 0.906795 0.385748 0.014293 0.072826
0 0.927676 0.421751 0.017658 0.071003
2 0.078426 0.092166 0.028524 0.032919
0 0.174234 0.586008 0.015079 0.083484
0 0.882344 0.316350 0.010620 0.049944
0 0.901864 0.318231 0.013548 0.059995
0 0.132452 0.736253 0.018031 0.087798
4 0.156252 0.078299 0.063459 0.064746
0 0.920168 0.328590 0.009901 0.049690
0 0.618745 0.217897 0.009229 0.045412
0 0.574335 0.206212 0.009139 0.049016
2 0.137951 0.107177 0.024847 0.029401
2 0.533755 0.549019 0.023295 0.071627
0 0.097979 0.650592 0.019017 0.094223
0 0.781549 0.273884 0.009520 0.056136
2 0.283687 0.397204 0.040979 0.075783
0 0.929208 0.369060 0.015000 0.063961
0 0.938206 0.409073 0.010810 0.069396
0 0.629589 0.204587 0.009324 0.045496
0 0.876079 0.310021 0.010998 0.054018
0 0.552742 0.195804 0.006676 0.039907
0 0.842071 0.306311 0.010033 0.042411
0 0.658261 0.240237 0.009134 0.049252
0 0.795506 0.285480 0.010402 0.052133
0 0.154032 0.695402 0.024327 0.110554
0 0.739999 0.254479 0.009681 0.054068
0 0.565676 0.201147 0.009708 0.043198
0 0.218998 0.556099 0.020208 0.088023
0 0.080958 0.655594 0.019717 0.087538
0 0.541122 0.186568 0.006913 0.042290
0 0.770663 0.266753 0.015939 0.058342
0 0.115770 0.650038 0.019862 0.094837
0 0.590407 0.188509 0.006828 0.044563
6 0.137784 0.486861 0.012961 0.043922
0 0.480417 0.165383 0.005627 0.041072
0 0.536063 0.199202 0.008005 0.041760
0 0.601020 0.196919 0.008949 0.043334
0 0.609119 0.195862 0.006716 0.047939
0 0.125735 0.640589 0.019596 0.098767
0 0.468262 0.162246 0.007280 0.038532
4 0.199268 0.372314 0.136353 0.205252
0 0.476040 0.168018 0.007166 0.045964
0 0.577518 0.186918 0.009053 0.043433
6 0.606506 0.362383 0.013186 0.053814
0 0.801361 0.281634 0.009109 0.057581
0 0.613521 0.198831 0.006903 0.042781
0 0.719031 0.248475 0.008037 0.049210
2 0.057168 0.079458 0.021071 0.025916
0 0.930036 0.257480 0.008686 0.044052
0 0.495649 0.176782 0.009028 0.033071
5 0.770064 0.727885 0.459872 0.544230
0 0.693820 0.253166 0.013644 0.059925
