2 0.463531 0.411287 0.061793 0.085256
2 0.612369 0.516791 0.111829 0.132163
2 0.855675 0.780014 0.154387 0.153855
4 0.354035 0.133121 0.094701 0.088855
2 0.727297 0.420375 0.090441 0.083461
2 0.539499 0.534989 0.110162 0.132762
2 0.676923 0.653969 0.131520 0.131547
2 0.745356 0.781111 0.121876 0.154155
2 0.374862 0.216460 0.049375 0.051775
2 0.899195 0.676940 0.143304 0.131450
2 0.262280 0.271151 0.046698 0.059750
2 0.867120 0.932893 0.181003 0.134215
2 0.112106 0.319918 0.058095 0.072306
2 0.100987 0.254573 0.046385 0.056075
2 0.438085 0.217688 0.049586 0.043005
2 0.133519 0.186299 0.036051 0.046324
2 0.607682 0.332682 0.071121 0.057957
2 0.086577 0.192545 0.039008 0.046466
4 0.443863 0.162652 0.113975 0.102631
2 0.086149 0.155488 0.036328 0.039441
2 0.095139 0.103747 0.026920 0.031166
2 0.041149 0.453565 0.082259 0.104223
2 0.362396 0.185191 0.040635 0.037674
2 0.144092 0.097032 0.028296 0.030920
2 0.320827 0.313413 0.062590 0.065920
2 0.188078 0.328789 0.052052 0.061707
0 0.270887 0.767618 0.024426 0.124548
0 0.373530 0.928452 0.021932 0.132360
0 0.953984 0.401124 0.012294 0.072440
2 0.077609 0.092928 0.026028 0.029742
0 0.945227 0.323124 0.010701 0.065113
0 0.620932 0.217465 0.011836 0.045002
0 0.438084 0.898234 0.026938 0.121599
2 0.306652 0.350544 0.056027 0.076638
0 0.979844 0.401679 0.013975 0.060262
0 0.574658 0.206396 0.008546 0.048914
0 0.606145 0.225829 0.006916 0.041332
4 0.275424 0.446011 0.186272 0.250613
0 0.556975 0.198354 0.010454 0.045145
0 0.354131 0.933842 0.026246 0.129558
0 0.608184 0.191695 0.006748 0.038517
0 0.412985 0.902922 0.029125 0.123160
0 0.615573 0.200031 0.007265 0.043912
0 0.994224 0.356108 0.011325 0.059774
0 0.658406 0.240017 0.009388 0.049045
2 0.054675 0.099651 0.021203 0.030541
2 0.195516 0.260298 0.045185 0.052599
0 0.537040 0.204541 0.012092 0.050045
0 0.590533 0.188841 0.006870 0.043703
0 0.579117 0.187101 0.007916 0.044392
7 0.606060 0.361045 0.013068 0.057421
7 0.137991 0.487044 0.013015 0.041725
2 0.986899 0.894841 0.026203 0.187471
0 0.627859 0.204718 0.006931 0.043560
0 0.691935 0.248939 0.008645 0.051878
2 0.214742 0.076495 0.040082 0.035449
0 0.148401 0.593140 0.019486 0.090389
