2 0.202742 0.650536 0.102995 0.155925
2 0.312463 0.446402 0.066878 0.089873
2 0.710099 0.849147 0.156807 0.172994
2 0.654737 0.542389 0.108372 0.127805
2 0.272609 0.342285 0.065420 0.069556
2 0.373804 0.420191 0.073835 0.082743
4 0.354275 0.133175 0.094474 0.088560
2 0.646181 0.704858 0.127943 0.135224
2 0.404192 0.569607 0.097086 0.106633
2 0.406308 0.378394 0.066980 0.074241
2 0.437960 0.217715 0.049207 0.043307
2 0.082557 0.237883 0.043792 0.053477
2 0.820932 0.735064 0.125493 0.165535
2 0.216608 0.168822 0.037056 0.040770
2 0.121781 0.138471 0.035156 0.035368
2 0.365336 0.186836 0.036497 0.041174
2 0.336092 0.196931 0.043930 0.043062
2 0.086230 0.189102 0.040963 0.049683
2 0.554724 0.544845 0.083613 0.126964
2 0.090483 0.164753 0.039085 0.045957
4 0.444001 0.162688 0.113786 0.102715
2 0.143042 0.126017 0.032116 0.035200
2 0.268962 0.276758 0.060320 0.069157
2 0.165177 0.208499 0.038814 0.045691
2 0.893268 0.907555 0.163197 0.183701
2 0.041414 0.453858 0.082791 0.103529
0 0.349599 0.898277 0.023769 0.133486
0 0.458998 0.938521 0.030834 0.121707
2 0.213559 0.140305 0.034751 0.029751
2 0.075489 0.091634 0.027281 0.029583
2 0.046751 0.162081 0.032164 0.051402
0 0.953988 0.401663 0.011850 0.072090
0 0.899422 0.319425 0.011220 0.052484
2 0.033366 0.832718 0.066478 0.151712
0 0.890772 0.310977 0.009942 0.054361
0 0.398052 0.954484 0.036572 0.091032
0 0.606439 0.225965 0.008358 0.042198
0 0.574362 0.206183 0.008571 0.048416
0 0.620781 0.217678 0.011702 0.044591
0 0.560355 0.185669 0.008705 0.045113
5 0.143495 0.266505 0.098768 0.154841
0 0.578843 0.187906 0.008612 0.042532
0 0.534934 0.198919 0.011120 0.042234
0 0.552922 0.195530 0.007450 0.041071
0 0.658377 0.240308 0.009188 0.048358
0 0.540739 0.186395 0.007304 0.041559
7 0.137839 0.486507 0.012753 0.041527
0 0.601422 0.196457 0.008848 0.043542
0 0.609823 0.192796 0.007679 0.035920
2 0.102362 0.095548 0.012715 0.021958
2 0.092589 0.084750 0.013893 0.018756
0 0.643356 0.218758 0.009283 0.047027
0 0.523225 0.186214 0.008100 0.044735
0 0.627415 0.204274 0.007242 0.043223
0 0.615337 0.200268 0.007416 0.043039
0 0.301493 0.097026 0.004900 0.029364
2 0.214588 0.077768 0.040186 0.038975
0 0.591071 0.190992 0.007336 0.041514
0 0.930979 0.253879 0.011236 0.047084
0 0.691011 0.252452 0.011236 0.061352
7 0.609149 0.362315 0.019262 0.061352
