4 0.184713 0.085618 0.095091 0.074948
2 0.461459 0.274096 0.066086 0.061408
2 0.569858 0.772806 0.131013 0.156009
2 0.459480 0.414787 0.075937 0.082722
2 0.391214 0.363736 0.070274 0.076675
2 0.956346 0.509003 0.087000 0.085541
2 0.929373 0.677818 0.127021 0.135410
2 0.340740 0.391095 0.068265 0.076725
2 0.428799 0.533703 0.092619 0.122052
2 0.174237 0.163132 0.042201 0.045551
2 0.438079 0.217506 0.049153 0.043196
4 0.374963 0.140106 0.134951 0.104224
2 0.205807 0.156619 0.034167 0.037674
2 0.362767 0.186860 0.041978 0.041360
2 0.077532 0.093030 0.028342 0.029997
2 0.260855 0.167014 0.038787 0.037950
2 0.233391 0.145034 0.035962 0.036589
2 0.367685 0.467766 0.068639 0.111267
2 0.730295 0.394858 0.077530 0.089901
2 0.041295 0.453924 0.082475 0.103858
0 0.939873 0.406429 0.015757 0.070617
2 0.131578 0.119789 0.032772 0.036420
0 0.329146 0.861827 0.031349 0.140244
0 0.181381 0.747786 0.021794 0.103806
0 0.958492 0.418365 0.016634 0.072288
0 0.158670 0.886735 0.018792 0.118548
2 0.282526 0.395580 0.040069 0.074589
2 0.464901 0.489250 0.019509 0.081630
0 0.922843 0.329132 0.011013 0.049275
0 0.267518 0.808664 0.021858 0.123093
2 0.740273 0.910718 0.184516 0.177461
0 0.956896 0.358248 0.014405 0.068998
0 0.831522 0.295541 0.010720 0.054706
0 0.849389 0.301067 0.013186 0.056888
0 0.886156 0.296865 0.012631 0.060036
0 0.227585 0.735603 0.022270 0.106198
0 0.224658 0.855030 0.015441 0.096126
0 0.618782 0.217782 0.009114 0.045359
0 0.572454 0.205757 0.010274 0.048489
2 0.772163 0.526281 0.125380 0.091706
0 0.202215 0.740379 0.021810 0.109214
0 0.242057 0.832583 0.016837 0.094889
0 0.798243 0.286906 0.009029 0.048370
0 0.766063 0.280764 0.009570 0.040271
0 0.257713 0.715129 0.020239 0.096251
0 0.471577 0.209654 0.009589 0.049135
0 0.778387 0.273661 0.013393 0.051814
0 0.627459 0.204005 0.007202 0.044806
0 0.806474 0.284596 0.010781 0.058963
0 0.638554 0.216120 0.010425 0.045685
0 0.241886 0.727554 0.017085 0.104590
0 0.536181 0.200273 0.008287 0.040297
0 0.484996 0.186818 0.010348 0.042616
0 0.609064 0.196064 0.006805 0.047280
0 0.552789 0.195224 0.007531 0.039923
0 0.586431 0.202035 0.006180 0.044846
0 0.577230 0.187736 0.008771 0.045264
0 0.478071 0.166437 0.009573 0.042156
0 0.601173 0.196750 0.008530 0.043410
6 0.137752 0.486407 0.013048 0.043381
0 0.613313 0.198682 0.006448 0.043905
0 0.929857 0.257491 0.010467 0.044697
4 0.198786 0.373079 0.136733 0.201457
0 0.539724 0.186387 0.007819 0.042958
5 0.693018 0.676208 0.453451 0.566435
0 0.693419 0.251739 0.014446 0.057072
0 0.658131 0.240517 0.010452 0.049442
0 0.151284 0.588461 0.020064 0.097022
