2 0.948447 0.534218 0.102842 0.103411
4 0.389639 0.140750 0.101447 0.095733
2 0.437906 0.217856 0.049723 0.043568
2 0.794224 0.472816 0.054239 0.081918
0 0.015101 0.657298 0.024135 0.109578
5 0.241273 0.145379 0.050411 0.054632
2 0.283121 0.152046 0.036767 0.037464
0 0.041270 0.650267 0.022095 0.104716
0 0.066270 0.644666 0.019233 0.100867
0 0.707523 0.451916 0.021676 0.076936
0 0.737907 0.446491 0.018489 0.073382
0 0.610317 0.459581 0.019436 0.081911
1 0.150277 0.695943 0.036297 0.067395
2 0.171657 0.108779 0.030023 0.032409
2 0.084507 0.093984 0.026191 0.031903
0 0.542811 0.487006 0.018607 0.085980
2 0.978051 0.473720 0.043646 0.039671
0 0.958720 0.347827 0.013772 0.064679
0 0.904474 0.318085 0.013192 0.060375
2 0.141263 0.439703 0.066714 0.080485
2 0.118890 0.378107 0.064367 0.067427
0 0.150464 0.665839 0.032533 0.088800
0 0.660373 0.454051 0.015068 0.063829
0 0.913548 0.299036 0.011659 0.057004
0 0.535740 0.198892 0.009666 0.043137
0 0.640325 0.216588 0.010757 0.050139
0 0.523393 0.184854 0.009161 0.046951
0 0.574031 0.205221 0.008646 0.050160
0 0.887882 0.310228 0.014633 0.056971
0 0.623046 0.218795 0.008783 0.046551
0 0.457990 0.171215 0.008185 0.038672
0 0.831967 0.251836 0.009913 0.040910
0 0.803604 0.288284 0.011719 0.052195
0 0.658267 0.240647 0.009343 0.049122
0 0.562847 0.199608 0.007215 0.044326
0 0.608980 0.226592 0.010194 0.042601
0 0.929987 0.258124 0.009318 0.043151
0 0.301204 0.407777 0.011833 0.058181
0 0.480067 0.164946 0.006341 0.041155
0 0.686813 0.248735 0.009224 0.047089
2 0.040978 0.454076 0.081754 0.103490
0 0.551630 0.190473 0.007637 0.044733
0 0.704569 0.436643 0.014757 0.072463
0 0.601865 0.196165 0.008064 0.044920
0 0.467697 0.167291 0.006054 0.041066
0 0.449858 0.164030 0.007047 0.044590
0 0.607770 0.192708 0.006827 0.038879
0 0.554322 0.196326 0.008528 0.039010
0 0.639262 0.456693 0.015858 0.070241
3 0.638187 0.480584 0.041661 0.058772
3 0.301714 0.429400 0.029028 0.060684
0 0.590613 0.187095 0.009541 0.051848
0 0.583322 0.203418 0.007561 0.049287
0 0.568649 0.172693 0.008101 0.019843
0 0.576931 0.172693 0.009541 0.020483
0 0.502220 0.180054 0.009181 0.045447
0 0.444161 0.154130 0.008641 0.046087
6 0.137239 0.485019 0.012841 0.038523
6 0.605939 0.362315 0.014446 0.058498
