2 0.348273 0.397959 0.069359 0.079813
2 0.571718 0.765655 0.140960 0.169254
2 0.475726 0.571249 0.106335 0.130702
2 0.390998 0.363471 0.069980 0.076825
2 0.459524 0.415124 0.076217 0.083812
2 0.570590 0.563192 0.093656 0.108743
4 0.324267 0.123537 0.133196 0.097944
2 0.505793 0.499285 0.092714 0.103760
5 0.801912 0.470389 0.046077 0.104175
2 0.363034 0.186687 0.041508 0.042462
0 0.615130 0.456235 0.022352 0.076238
2 0.152083 0.127679 0.033904 0.034568
2 0.041029 0.453877 0.082025 0.103686
2 0.961793 0.503734 0.076133 0.089792
0 0.048456 0.688274 0.023988 0.110544
4 0.108668 0.195478 0.076997 0.092616
2 0.117787 0.110801 0.026909 0.038103
2 0.067301 0.086300 0.024540 0.028700
0 0.565062 0.458981 0.013614 0.077659
0 0.749012 0.441682 0.023055 0.070600
0 0.665066 0.446061 0.018680 0.074783
0 0.889218 0.318295 0.011403 0.049502
0 0.582705 0.467752 0.014573 0.083023
2 0.409683 0.503103 0.074989 0.119840
2 0.283681 0.397173 0.040920 0.076237
0 0.627691 0.223796 0.009882 0.051916
2 0.642590 0.622227 0.072251 0.145647
0 0.618667 0.218001 0.007877 0.045383
0 0.563506 0.192052 0.010353 0.044820
0 0.658246 0.240455 0.009335 0.048699
0 0.944621 0.339203 0.014100 0.047426
0 0.443157 0.464040 0.012898 0.068297
0 0.573685 0.205717 0.008798 0.049326
0 0.429554 0.153422 0.007493 0.038115
0 0.696558 0.455451 0.019076 0.076728
0 0.439233 0.153581 0.008332 0.044278
0 0.480099 0.166672 0.008909 0.044013
0 0.721628 0.438954 0.014959 0.080066
0 0.473082 0.161368 0.005900 0.040499
0 0.578631 0.186749 0.008134 0.041982
0 0.537579 0.199941 0.009521 0.042277
0 0.466712 0.160937 0.007917 0.038420
0 0.588168 0.190082 0.007975 0.042742
2 0.093003 0.097870 0.029038 0.033983
0 0.601709 0.196365 0.009162 0.044488
0 0.553360 0.194808 0.008180 0.041985
2 0.129780 0.089105 0.016902 0.017812
6 0.606504 0.361971 0.013291 0.053679
0 0.495288 0.184620 0.006095 0.038671
6 0.137804 0.486119 0.012867 0.042844
2 0.971324 0.455806 0.057243 0.044208
0 0.413096 0.145019 0.006957 0.039305
0 0.419347 0.147428 0.007583 0.040228
0 0.631197 0.201605 0.007559 0.036606
0 0.702922 0.438513 0.011331 0.081262
0 0.517752 0.441170 0.015671 0.045880
0 0.533284 0.191538 0.007880 0.043948
0 0.712438 0.445773 0.014266 0.083194
0 0.613463 0.198483 0.007185 0.043291
0 0.609294 0.195327 0.006167 0.043489
0 0.521674 0.191612 0.006880 0.041856
0 0.929766 0.252997 0.009062 0.034365
0 0.802396 0.241563 0.007037 0.040824
5 0.832263 0.763242 0.335474 0.469413
4 0.191814 0.372302 0.154093 0.224006
4 0.098716 0.249599 0.104334 0.121277
0 0.691011 0.249599 0.012841 0.055645
