2 0.518007 0.518309 0.106251 0.129300
2 0.656369 0.638449 0.129110 0.127465
2 0.853167 0.652417 0.136019 0.128109
2 0.439486 0.395119 0.061338 0.081886
2 0.729646 0.769892 0.119893 0.153408
4 0.354449 0.133295 0.094353 0.088867
2 0.582849 0.497640 0.105317 0.125629
2 0.840006 0.922430 0.179472 0.155139
2 0.828639 0.759357 0.147102 0.147399
2 0.798560 0.455353 0.098778 0.090869
2 0.095744 0.305141 0.056242 0.073887
2 0.405503 0.231181 0.052174 0.052082
2 0.283585 0.334533 0.062545 0.074247
2 0.118209 0.176375 0.035400 0.043187
2 0.441001 0.217575 0.043356 0.043196
2 0.655990 0.358623 0.078220 0.066951
2 0.362775 0.186995 0.041461 0.041446
2 0.175193 0.253183 0.041992 0.066122
2 0.074930 0.182523 0.034315 0.044831
2 0.090267 0.244332 0.043030 0.054147
2 0.308264 0.306326 0.058940 0.054328
2 0.073600 0.146600 0.033097 0.037241
4 0.443972 0.162576 0.113685 0.102676
2 0.247476 0.255365 0.043594 0.047708
2 0.041346 0.453656 0.082617 0.103630
2 0.150879 0.101233 0.028858 0.031466
0 0.282189 0.779528 0.026733 0.131939
2 0.096284 0.104255 0.025510 0.031831
0 0.449650 0.914215 0.027572 0.127182
0 0.955725 0.325435 0.014297 0.065620
0 0.954190 0.401833 0.012115 0.072756
2 0.078913 0.092968 0.026872 0.029407
0 0.383519 0.936566 0.023209 0.125309
0 0.983684 0.400010 0.012929 0.057954
2 0.057167 0.101353 0.020716 0.030968
0 0.621084 0.217414 0.011673 0.044962
0 0.796098 0.286312 0.012464 0.049176
0 0.606231 0.226302 0.007186 0.040729
0 0.574599 0.206187 0.008690 0.049108
0 0.423101 0.914171 0.022784 0.125020
0 0.992663 0.351446 0.012895 0.071931
0 0.658275 0.240017 0.009148 0.049319
0 0.363179 0.941775 0.024633 0.113459
4 0.255900 0.420573 0.182034 0.250935
0 0.608267 0.192191 0.006707 0.037990
0 0.651332 0.210073 0.009856 0.046952
0 0.615517 0.199752 0.007514 0.043904
2 0.172046 0.321723 0.050215 0.050417
0 0.551953 0.195563 0.008721 0.046062
0 0.590889 0.188867 0.007271 0.043528
2 0.969860 0.883996 0.060280 0.207310
7 0.137921 0.487094 0.012828 0.042839
0 0.579124 0.187442 0.007757 0.043611
0 0.627565 0.204215 0.007222 0.044156
0 0.521927 0.186363 0.008111 0.043025
0 0.301399 0.097564 0.004948 0.028905
0 0.600853 0.200213 0.008162 0.051073
0 0.530705 0.204327 0.009641 0.046516
0 0.691814 0.251739 0.011236 0.059925
0 0.933387 0.253166 0.011236 0.042804
0 0.776084 0.232477 0.011237 0.044230
0 0.144444 0.594567 0.014783 0.093177
7 0.607544 0.363028 0.019262 0.065632
