4 0.319787 0.121904 0.095518 0.086719
2 0.321020 0.368149 0.065663 0.075763
2 0.270228 0.393880 0.066993 0.079324
2 0.394734 0.501535 0.086063 0.095187
2 0.505126 0.481112 0.090060 0.108832
2 0.357768 0.550542 0.100069 0.125660
2 0.214732 0.520258 0.080255 0.118282
2 0.797236 0.614213 0.112959 0.125089
2 0.347628 0.326312 0.054539 0.066054
2 0.267586 0.279074 0.053828 0.062832
2 0.677084 0.380183 0.083288 0.069555
2 0.438160 0.217620 0.049228 0.042794
2 0.081097 0.096441 0.028118 0.031411
2 0.256080 0.162014 0.038878 0.038969
2 0.416284 0.423518 0.066646 0.097313
2 0.218781 0.166206 0.040796 0.044653
2 0.397036 0.247652 0.044986 0.049207
2 0.362871 0.186790 0.041760 0.041809
4 0.443576 0.162727 0.114396 0.103040
2 0.483043 0.411948 0.068007 0.067163
2 0.136332 0.101160 0.028614 0.033510
2 0.041073 0.453742 0.082071 0.103679
4 0.703077 0.303611 0.205261 0.196289
2 0.585390 0.540198 0.082033 0.105371
0 0.285857 0.756557 0.018937 0.107515
0 0.148731 0.664957 0.025624 0.113914
2 0.972288 0.899027 0.055425 0.144365
0 0.973034 0.410324 0.017384 0.070626
0 0.950282 0.401817 0.012366 0.070883
0 0.572116 0.205663 0.010166 0.048220
0 0.536059 0.199721 0.008419 0.040943
0 0.199710 0.977218 0.029209 0.044648
0 0.590601 0.188981 0.007050 0.043264
0 0.578473 0.188870 0.008559 0.043013
0 0.609252 0.192126 0.006469 0.039084
2 0.964123 0.728635 0.071566 0.173529
0 0.615614 0.195166 0.006842 0.033160
0 0.518265 0.190731 0.005897 0.036633
0 0.559594 0.187261 0.007513 0.043384
7 0.137846 0.486218 0.012821 0.041362
2 0.058799 0.082808 0.024709 0.027305
0 0.553110 0.195772 0.007093 0.040174
0 0.601516 0.194913 0.008964 0.041717
2 0.043233 0.175608 0.020692 0.041929
0 0.547519 0.194387 0.007177 0.047763
5 0.113965 0.223917 0.142857 0.201177
4 0.719502 0.789236 0.424558 0.421526
0 0.153692 0.589888 0.021669 0.094168
7 0.606340 0.359461 0.015249 0.061352
