2 0.348005 0.398013 0.069841 0.080275
2 0.459872 0.415749 0.076777 0.081113
2 0.670518 0.622566 0.127996 0.144734
2 0.474201 0.570865 0.109251 0.129774
2 0.433566 0.870048 0.183846 0.156295
2 0.390996 0.363520 0.070245 0.077066
2 0.795824 0.421892 0.093221 0.071144
5 0.184717 0.122243 0.029277 0.045598
2 0.517238 0.504488 0.104176 0.108308
2 0.574619 0.567000 0.089334 0.109702
2 0.765312 0.485531 0.118483 0.097004
2 0.849213 0.549021 0.135121 0.103335
2 0.873597 0.490282 0.112242 0.076798
2 0.262860 0.166342 0.039324 0.039185
2 0.362852 0.186797 0.041881 0.041892
0 0.284865 0.799095 0.023939 0.125616
0 0.292633 0.582947 0.016859 0.094897
0 0.314555 0.743859 0.021476 0.117924
2 0.966702 0.474338 0.066477 0.087745
0 0.252888 0.568072 0.018792 0.098298
2 0.112052 0.107993 0.031379 0.032321
2 0.979370 0.574111 0.041259 0.069194
0 0.048891 0.625172 0.023271 0.097244
0 0.212718 0.542558 0.024364 0.090740
0 0.150473 0.607289 0.023003 0.109927
0 0.617695 0.451984 0.013755 0.070011
0 0.952775 0.381611 0.015075 0.066068
0 0.037384 0.686461 0.021356 0.107260
0 0.871425 0.407441 0.011204 0.068723
2 0.414266 0.506191 0.072130 0.120741
0 0.257606 0.669650 0.020847 0.103244
0 0.240527 0.691342 0.024726 0.116052
2 0.041412 0.449740 0.082825 0.095576
0 0.641245 0.449471 0.016334 0.074601
2 0.061792 0.103018 0.027219 0.032905
0 0.347989 0.126476 0.005170 0.036551
0 0.027210 0.492933 0.026592 0.076760
0 0.363858 0.128212 0.009254 0.039311
0 0.618037 0.217485 0.007955 0.043827
0 0.377124 0.135301 0.007025 0.040073
4 0.284512 0.319274 0.114431 0.138846
0 0.548686 0.188412 0.007344 0.045973
0 0.626196 0.224062 0.008767 0.051864
0 0.478673 0.163980 0.006968 0.041826
0 0.573871 0.205230 0.010427 0.050405
0 0.423160 0.153642 0.007095 0.037552
0 0.399849 0.144816 0.007029 0.037958
0 0.658536 0.240015 0.009113 0.048580
0 0.538032 0.195359 0.009939 0.050428
0 0.552809 0.196191 0.006536 0.039033
2 0.088173 0.093756 0.023891 0.036250
0 0.719907 0.245068 0.008463 0.053957
0 0.440626 0.154117 0.008479 0.042950
0 0.650853 0.211906 0.009216 0.048833
0 0.521972 0.190445 0.007892 0.044551
0 0.327950 0.108574 0.006766 0.036474
6 0.137891 0.486053 0.012888 0.042514
0 0.473767 0.167989 0.008957 0.048554
0 0.635331 0.205778 0.008603 0.045396
4 0.192864 0.373583 0.149772 0.200885
0 0.412405 0.145094 0.007067 0.038643
2 0.159159 0.083071 0.028036 0.027221
6 0.606596 0.362738 0.013114 0.054580
0 0.609324 0.196176 0.006410 0.044979
0 0.501791 0.179966 0.007113 0.039530
0 0.931420 0.257298 0.009373 0.042027
0 0.429839 0.150156 0.004701 0.026827
4 0.099117 0.253166 0.113162 0.108436
0 0.691413 0.250312 0.010433 0.057072
