2 0.348210 0.397890 0.069337 0.079688
2 0.475808 0.571043 0.106278 0.129576
2 0.499836 0.495623 0.089718 0.102039
2 0.391082 0.363670 0.069898 0.077022
2 0.458998 0.414840 0.074991 0.082651
2 0.570374 0.561672 0.093587 0.110847
2 0.169480 0.136415 0.035139 0.036270
4 0.374303 0.139379 0.135629 0.102989
5 0.802015 0.472390 0.045612 0.107129
2 0.362888 0.187035 0.041532 0.041441
2 0.260810 0.166239 0.039201 0.037777
0 0.277301 0.525099 0.021436 0.084224
0 0.048207 0.687594 0.023407 0.111336
2 0.166507 0.105250 0.028739 0.029697
2 0.132295 0.116894 0.027830 0.042242
2 0.041154 0.453906 0.082212 0.103565
0 0.589188 0.468712 0.018277 0.078147
0 0.897807 0.314582 0.013529 0.060073
0 0.911353 0.396843 0.018381 0.066981
2 0.076059 0.091239 0.027434 0.030452
0 0.847562 0.405758 0.015656 0.075374
0 0.645005 0.452611 0.017211 0.077112
2 0.402306 0.496038 0.072635 0.118121
0 0.670456 0.430536 0.015676 0.078711
0 0.875591 0.403930 0.020727 0.084824
0 0.734271 0.405740 0.014533 0.068320
0 0.751168 0.431882 0.022284 0.092220
0 0.360812 0.488369 0.013972 0.073632
0 0.891690 0.389390 0.015619 0.068736
2 0.283726 0.397430 0.040959 0.076350
0 0.633816 0.222040 0.010598 0.052012
0 0.828025 0.296421 0.009845 0.051796
0 0.968768 0.342075 0.012801 0.055686
0 0.574771 0.205797 0.008335 0.049107
0 0.618276 0.217881 0.009014 0.045319
0 0.479563 0.164175 0.006891 0.042703
0 0.842174 0.304493 0.013537 0.044088
0 0.504227 0.434138 0.010443 0.040503
0 0.553120 0.196359 0.006172 0.038412
0 0.543352 0.190472 0.008903 0.041743
0 0.536344 0.199108 0.008634 0.042480
0 0.658147 0.240769 0.009291 0.048544
0 0.591095 0.188630 0.009940 0.043404
0 0.505839 0.181044 0.008439 0.044647
0 0.008748 0.513719 0.017362 0.083617
0 0.495389 0.184544 0.006937 0.039057
6 0.137846 0.486708 0.012992 0.044065
0 0.992036 0.325881 0.010361 0.040815
6 0.606639 0.361886 0.013183 0.055730
0 0.473284 0.161602 0.006275 0.040987
0 0.468543 0.160773 0.005789 0.040106
0 0.601447 0.196845 0.008359 0.043487
2 0.103909 0.103683 0.031287 0.034272
0 0.578744 0.187575 0.008773 0.042308
2 0.158608 0.083064 0.027425 0.028623
0 0.609159 0.195472 0.006201 0.041247
0 0.613356 0.198458 0.007125 0.041790
0 0.930257 0.252152 0.008247 0.032328
5 0.825040 0.763554 0.349920 0.472891
4 0.187801 0.373016 0.160514 0.214019
0 0.692215 0.251739 0.012039 0.051364
