2 0.923433 0.520628 0.121163 0.100817
2 0.687238 0.464175 0.093130 0.079361
2 0.969634 0.957317 0.060450 0.084538
4 0.389178 0.140645 0.102028 0.095591
2 0.438118 0.217811 0.049521 0.043242
0 0.160040 0.726899 0.028904 0.117025
2 0.282200 0.151789 0.038780 0.037270
2 0.889815 0.466151 0.088122 0.065372
2 0.099211 0.206185 0.045672 0.059503
0 0.208918 0.712428 0.021464 0.116068
0 0.417317 0.508004 0.026426 0.082929
2 0.076827 0.157316 0.035675 0.042490
0 0.477780 0.509035 0.027847 0.082701
0 0.407442 0.580245 0.020095 0.096999
0 0.726625 0.421631 0.016806 0.064673
0 0.586518 0.470131 0.016820 0.081442
2 0.119992 0.377897 0.064648 0.068382
2 0.141320 0.439596 0.066577 0.080445
2 0.787372 0.466964 0.061471 0.083206
0 0.541290 0.487264 0.020135 0.079962
1 0.277221 0.778129 0.042595 0.075600
0 0.169615 0.714699 0.019657 0.107027
0 0.903586 0.320653 0.011946 0.056484
2 0.950717 0.455308 0.091000 0.080268
0 0.869237 0.310910 0.010219 0.049295
0 0.877530 0.285850 0.009797 0.055158
0 0.538579 0.198331 0.011568 0.046141
0 0.850411 0.274864 0.008803 0.052294
0 0.523530 0.184628 0.009090 0.047526
0 0.303622 0.131697 0.008932 0.036012
0 0.316433 0.133375 0.007554 0.037067
2 0.040961 0.453896 0.081717 0.104190
0 0.572516 0.206058 0.009860 0.048770
0 0.604787 0.475944 0.011907 0.079122
0 0.624316 0.219390 0.011623 0.045475
0 0.658406 0.241200 0.009348 0.048343
0 0.930072 0.257811 0.009207 0.043629
2 0.117733 0.269827 0.053303 0.054993
0 0.479967 0.164929 0.006340 0.041257
0 0.562954 0.199422 0.007016 0.044801
2 0.080665 0.083323 0.019912 0.029599
0 0.284242 0.739247 0.028445 0.101834
0 0.686663 0.248688 0.008469 0.046186
0 0.465217 0.167881 0.007022 0.041523
0 0.870763 0.271679 0.008930 0.049216
0 0.585904 0.201357 0.010044 0.046442
0 0.578911 0.197861 0.009441 0.046724
0 0.609356 0.226593 0.010170 0.042545
0 0.691884 0.249599 0.007840 0.051018
0 0.551831 0.190526 0.007945 0.044591
0 0.794432 0.408063 0.021897 0.039619
0 0.301064 0.407567 0.012724 0.057326
0 0.600690 0.195495 0.007743 0.044183
0 0.615028 0.199665 0.006269 0.042776
2 0.153210 0.083403 0.015648 0.027092
0 0.629018 0.194171 0.007839 0.032652
0 0.502916 0.179040 0.009631 0.046986
0 0.459742 0.161173 0.008026 0.044796
0 0.444623 0.140434 0.008773 0.025219
6 0.606742 0.363742 0.012841 0.055645
6 0.137640 0.486446 0.016854 0.038523
0 0.661191 0.209109 0.010321 0.045872
3 0.301131 0.433338 0.028558 0.058401
