2 0.348214 0.397669 0.069245 0.079247
2 0.575022 0.760683 0.144756 0.167111
2 0.475797 0.570668 0.106263 0.129874
2 0.459893 0.415074 0.076562 0.082843
2 0.391132 0.363572 0.070169 0.076918
2 0.570537 0.562403 0.093307 0.109433
5 0.801967 0.471722 0.046066 0.105948
2 0.505551 0.500387 0.092062 0.105299
4 0.328429 0.124922 0.132763 0.097658
2 0.153070 0.128255 0.033802 0.035120
2 0.362881 0.186481 0.041809 0.042546
2 0.283536 0.397578 0.041284 0.076383
0 0.048511 0.688158 0.023925 0.110296
2 0.041132 0.453766 0.082264 0.103530
0 0.592620 0.468624 0.024392 0.082883
4 0.101655 0.190355 0.075497 0.091770
2 0.118505 0.110478 0.027338 0.038833
0 0.621052 0.453917 0.013777 0.077670
2 0.965548 0.504142 0.068692 0.085689
2 0.410646 0.503504 0.072117 0.120274
2 0.067588 0.086623 0.024778 0.029019
0 0.725251 0.437289 0.017245 0.083667
0 0.705784 0.443537 0.021520 0.092241
0 0.886725 0.316318 0.010989 0.050792
0 0.686187 0.456726 0.023691 0.077534
0 0.938971 0.337450 0.010652 0.048337
0 0.574779 0.459680 0.018495 0.077050
0 0.573959 0.206363 0.008711 0.049135
2 0.093290 0.098218 0.028658 0.034158
0 0.765752 0.423951 0.014026 0.070920
0 0.756591 0.439643 0.013115 0.075181
0 0.618597 0.217666 0.007915 0.045079
0 0.627574 0.223832 0.009854 0.051466
0 0.658316 0.240520 0.009322 0.048123
0 0.562147 0.189945 0.009918 0.047579
0 0.429483 0.153412 0.007779 0.038300
2 0.132054 0.088620 0.021294 0.024225
2 0.642689 0.622637 0.072521 0.146468
0 0.533406 0.191734 0.008108 0.043234
0 0.439437 0.153559 0.007901 0.043931
0 0.480108 0.166246 0.007664 0.044023
0 0.473127 0.161461 0.006008 0.040108
0 0.674510 0.434619 0.012804 0.055609
0 0.537571 0.200240 0.009296 0.041106
0 0.654749 0.424812 0.024644 0.061505
0 0.521438 0.192010 0.006309 0.040724
0 0.578643 0.187158 0.008207 0.041966
0 0.524340 0.440623 0.014762 0.046975
6 0.606446 0.363230 0.012898 0.054323
6 0.137881 0.486693 0.013172 0.043869
0 0.466438 0.160987 0.007638 0.037951
0 0.601692 0.196546 0.009524 0.044037
0 0.553816 0.195474 0.007774 0.040334
0 0.588958 0.190205 0.008842 0.042738
2 0.971236 0.456519 0.057509 0.046395
0 0.609276 0.196017 0.006070 0.042738
0 0.613515 0.198075 0.007117 0.042567
0 0.436205 0.455695 0.012138 0.046138
4 0.199264 0.373092 0.135421 0.200965
0 0.419225 0.147289 0.007272 0.039943
0 0.413029 0.144955 0.007268 0.039415
0 0.804478 0.241502 0.007613 0.042614
0 0.542117 0.186294 0.006684 0.041533
5 0.831862 0.765383 0.336276 0.465133
4 0.097913 0.247459 0.109149 0.136972
0 0.691413 0.247459 0.008828 0.059925
