2 0.603906 0.322537 0.069477 0.055473
2 0.180889 0.097021 0.047201 0.030796
2 0.518155 0.325921 0.069138 0.063124
2 0.951819 0.712701 0.096154 0.150804
2 0.438298 0.218177 0.048741 0.043499
4 0.392844 0.141861 0.100556 0.096016
2 0.475280 0.271705 0.057258 0.052012
2 0.805391 0.495711 0.060767 0.087996
2 0.141022 0.439170 0.066409 0.079864
2 0.296040 0.158372 0.039169 0.038278
2 0.094904 0.096613 0.026651 0.030367
2 0.400999 0.235815 0.044786 0.047774
5 0.771551 0.380078 0.118303 0.106643
0 0.878749 0.413336 0.022531 0.072412
0 0.955120 0.420954 0.015994 0.070769
0 0.904626 0.388350 0.013364 0.066717
0 0.348195 0.540487 0.013371 0.081579
0 0.892969 0.398369 0.013678 0.070975
2 0.111512 0.375787 0.062001 0.083561
0 0.598513 0.213021 0.008383 0.044047
2 0.125696 0.096664 0.025778 0.029314
0 0.079628 0.375465 0.016533 0.069550
0 0.539152 0.200016 0.012092 0.041447
0 0.525991 0.184240 0.008233 0.045265
0 0.981009 0.347789 0.013994 0.064143
0 0.621190 0.216972 0.008596 0.045580
0 0.573702 0.206174 0.009333 0.048078
0 0.988563 0.400533 0.013268 0.054017
0 0.658094 0.241123 0.009058 0.049001
0 0.879111 0.279988 0.011131 0.053062
0 0.608760 0.226925 0.008965 0.042258
0 0.302992 0.408194 0.018502 0.060020
0 0.562631 0.199460 0.007386 0.044976
2 0.040838 0.454175 0.081451 0.103673
0 0.628267 0.204644 0.008202 0.043612
0 0.686645 0.249061 0.008734 0.046960
0 0.871895 0.282233 0.010465 0.055190
0 0.474505 0.169123 0.006851 0.041988
0 0.691839 0.249374 0.007490 0.051559
3 0.329601 0.600089 0.039117 0.072461
0 0.966518 0.691193 0.016442 0.029376
0 0.607510 0.193069 0.006297 0.040976
2 0.152340 0.083198 0.015628 0.026073
0 0.330554 0.572558 0.025956 0.073141
0 0.582216 0.202249 0.006888 0.045639
0 0.501743 0.179289 0.008603 0.041395
0 0.932353 0.252000 0.008650 0.029689
0 0.551363 0.190568 0.006963 0.046297
0 0.339384 0.120614 0.008108 0.037606
0 0.614753 0.200222 0.006429 0.043960
0 0.480033 0.165804 0.005946 0.042121
3 0.301936 0.425555 0.022641 0.063397
0 0.554677 0.196971 0.007589 0.038157
0 0.653364 0.211921 0.008458 0.046016
0 0.457967 0.168660 0.008551 0.044468
0 0.445191 0.158613 0.007288 0.053092
2 0.051130 0.076134 0.022803 0.031320
0 0.553422 0.193069 0.009904 0.046181
0 0.485734 0.177842 0.009955 0.049774
0 0.987662 0.327040 0.006611 0.053000
0 0.962184 0.391401 0.013215 0.040217
6 0.137239 0.484305 0.012841 0.051364
6 0.605538 0.360888 0.013644 0.058498
