4 0.384228 0.138042 0.099155 0.095532
2 0.402878 0.375415 0.068552 0.076992
2 0.219726 0.418807 0.067972 0.092216
2 0.251880 0.383298 0.072860 0.085714
2 0.342110 0.381170 0.081225 0.095988
2 0.169315 0.161676 0.039470 0.043372
2 0.141115 0.439201 0.066594 0.080445
2 0.272325 0.334112 0.066542 0.075216
2 0.507426 0.273363 0.054346 0.054193
2 0.285125 0.228107 0.051620 0.054835
2 0.354176 0.228137 0.045754 0.049405
2 0.437832 0.217736 0.049601 0.043331
2 0.292357 0.187961 0.051664 0.046251
2 0.953386 0.536847 0.092577 0.085163
2 0.201592 0.337000 0.062895 0.080517
2 0.116074 0.215919 0.036381 0.060380
2 0.182300 0.259002 0.042989 0.057438
2 0.041109 0.453627 0.082169 0.103668
2 0.122992 0.185933 0.038168 0.044621
2 0.064233 0.187607 0.038272 0.046593
2 0.923262 0.964463 0.153477 0.069761
2 0.254562 0.158612 0.032165 0.038041
0 0.089766 0.580230 0.017767 0.091327
2 0.119837 0.378138 0.064642 0.068573
2 0.268225 0.282709 0.053150 0.054222
2 0.283636 0.151180 0.035535 0.036902
0 0.712869 0.439791 0.019488 0.082514
0 0.391880 0.775371 0.029046 0.125923
0 0.261111 0.575870 0.022680 0.087422
0 0.259591 0.811295 0.024838 0.124639
4 0.932218 0.412311 0.135134 0.189454
0 0.179766 0.614312 0.026359 0.096624
0 0.314843 0.781886 0.031017 0.120472
0 0.250857 0.554851 0.018108 0.088562
0 0.275958 0.800428 0.022145 0.120440
0 0.575872 0.206515 0.008394 0.050525
2 0.063828 0.089583 0.025717 0.029041
0 0.480207 0.165073 0.006634 0.040893
0 0.465218 0.168334 0.006900 0.041002
2 0.081277 0.082473 0.017471 0.028406
0 0.562036 0.198980 0.007277 0.044752
0 0.296577 0.808642 0.030626 0.122459
0 0.523729 0.185037 0.009629 0.046036
0 0.743256 0.259232 0.008758 0.054350
0 0.292701 0.094931 0.006531 0.033038
0 0.538750 0.198589 0.011047 0.044511
0 0.549635 0.190033 0.008597 0.045296
0 0.303375 0.146925 0.007449 0.037235
0 0.628346 0.204149 0.008587 0.043567
0 0.609380 0.226606 0.008052 0.042773
5 0.736770 0.388194 0.118348 0.115790
0 0.300851 0.407611 0.011408 0.055266
3 0.301745 0.430196 0.020964 0.057616
0 0.615397 0.217320 0.006921 0.043359
0 0.587053 0.202742 0.009031 0.046944
0 0.554522 0.197403 0.007848 0.036538
6 0.606557 0.362206 0.013275 0.055107
2 0.152994 0.082980 0.015698 0.026357
0 0.607683 0.192566 0.006410 0.041750
0 0.458309 0.163024 0.007614 0.040620
6 0.137536 0.485539 0.013209 0.045432
0 0.302505 0.090898 0.005095 0.024372
0 0.502041 0.179289 0.007146 0.040404
0 0.930042 0.258004 0.009311 0.043691
0 0.691713 0.251779 0.009407 0.053517
0 0.658519 0.240311 0.011826 0.051605
0 0.598313 0.200174 0.008063 0.047783
0 0.441935 0.153349 0.006906 0.046787
0 0.446975 0.161479 0.008399 0.044465
