2 0.240945 0.436434 0.072569 0.094606
2 0.277048 0.402482 0.075803 0.085949
2 0.141245 0.439306 0.066798 0.080121
2 0.524811 0.297075 0.052954 0.056199
2 0.385130 0.410404 0.083803 0.100050
2 0.338488 0.339124 0.061971 0.071975
2 0.605143 0.834297 0.182793 0.151109
2 0.295732 0.203062 0.043869 0.043687
2 0.406408 0.374774 0.067692 0.073360
2 0.362891 0.187253 0.041445 0.041754
4 0.368347 0.137933 0.100094 0.090701
2 0.281843 0.340376 0.068410 0.074553
2 0.437958 0.217748 0.049465 0.043121
2 0.208282 0.236363 0.048636 0.054908
2 0.282256 0.151914 0.038485 0.038112
2 0.401793 0.261279 0.054778 0.050846
4 0.603737 0.236870 0.104692 0.137577
2 0.099442 0.123966 0.037354 0.040596
2 0.107938 0.173234 0.032608 0.042052
2 0.198551 0.155035 0.041584 0.037337
2 0.640010 0.357961 0.067661 0.067250
0 0.098669 0.668360 0.022160 0.104005
2 0.041255 0.453341 0.082375 0.102979
2 0.180800 0.258237 0.043838 0.055051
4 0.152858 0.082273 0.044401 0.057966
2 0.071757 0.088340 0.024933 0.030029
0 0.966848 0.401825 0.012312 0.071549
0 0.314356 0.766622 0.022798 0.093146
0 0.329005 0.853910 0.024629 0.126397
2 0.120132 0.226956 0.036189 0.051409
0 0.288003 0.851640 0.030512 0.129711
0 0.888272 0.303035 0.010655 0.052234
0 0.762652 0.275654 0.008762 0.047581
2 0.146792 0.249714 0.033797 0.051053
2 0.119977 0.378938 0.064064 0.067133
2 0.988714 0.643521 0.022554 0.058752
0 0.851307 0.269231 0.008752 0.047898
0 0.470080 0.169511 0.006305 0.042221
0 0.480324 0.165049 0.006188 0.040744
5 0.076233 0.210605 0.071400 0.130983
0 0.439146 0.153719 0.006106 0.042727
0 0.538861 0.198776 0.010775 0.041690
0 0.297517 0.097526 0.006208 0.028192
5 0.121891 0.104090 0.021500 0.048571
0 0.357230 0.517894 0.021544 0.090142
0 0.522860 0.185640 0.008162 0.044813
0 0.302245 0.839643 0.024598 0.119782
0 0.017089 0.487875 0.016236 0.077789
0 0.399605 0.473468 0.021372 0.064600
7 0.606107 0.362981 0.013176 0.055731
0 0.930128 0.254522 0.009183 0.037749
3 0.399696 0.495419 0.025459 0.067947
0 0.116920 0.542162 0.011114 0.087070
2 0.278065 0.287880 0.039815 0.045747
0 0.458905 0.163286 0.009241 0.041877
7 0.137756 0.485030 0.013277 0.043740
2 0.972311 0.808900 0.055377 0.164081
0 0.691413 0.250312 0.012039 0.059925
