2 0.348238 0.398142 0.069361 0.080191
2 0.475843 0.570869 0.106136 0.129598
2 0.391137 0.363628 0.070188 0.076907
2 0.500063 0.496230 0.089510 0.102116
2 0.459560 0.415081 0.076129 0.083037
2 0.570279 0.562411 0.093717 0.110286
4 0.374509 0.139455 0.134768 0.102986
2 0.255079 0.163108 0.037557 0.036932
5 0.802011 0.471397 0.046121 0.105160
2 0.362869 0.187044 0.041640 0.041230
2 0.168136 0.135976 0.035642 0.036130
0 0.666079 0.433498 0.019856 0.079929
2 0.041224 0.453820 0.082362 0.103516
2 0.131856 0.116510 0.027877 0.042757
0 0.048333 0.687889 0.023986 0.111104
0 0.839823 0.407133 0.020878 0.074622
0 0.284032 0.519725 0.014702 0.082610
0 0.638187 0.455996 0.023030 0.078932
2 0.283708 0.397454 0.040938 0.076077
2 0.161958 0.102117 0.027304 0.030078
0 0.729857 0.408011 0.014049 0.069928
2 0.075632 0.091106 0.026915 0.029831
0 0.904485 0.397675 0.015083 0.067839
0 0.870293 0.405615 0.017927 0.085487
0 0.889167 0.389955 0.013489 0.069416
0 0.743500 0.431818 0.014909 0.092477
0 0.903221 0.314580 0.010016 0.059149
0 0.580237 0.471370 0.012601 0.075950
2 0.401833 0.496920 0.073561 0.119612
0 0.362179 0.488083 0.015261 0.074106
0 0.829735 0.297465 0.010926 0.051470
0 0.479579 0.164592 0.006676 0.041056
0 0.632464 0.222916 0.010227 0.051807
0 0.574681 0.206129 0.008349 0.050297
0 0.618371 0.217728 0.008578 0.045056
0 0.972949 0.340249 0.011483 0.051409
2 0.103301 0.103223 0.031566 0.034071
0 0.553060 0.196346 0.006418 0.038374
0 0.844621 0.304920 0.012514 0.044145
0 0.995415 0.337947 0.009027 0.065713
0 0.536626 0.199369 0.009052 0.041985
0 0.473344 0.162266 0.006181 0.040448
0 0.511291 0.438229 0.011131 0.044084
0 0.495331 0.185105 0.006677 0.038340
0 0.468374 0.160512 0.006681 0.039788
0 0.591087 0.188278 0.009750 0.043837
6 0.137781 0.486382 0.012940 0.043924
0 0.601552 0.196676 0.008627 0.043885
2 0.152235 0.082035 0.014122 0.024276
0 0.658246 0.240106 0.009445 0.049319
6 0.606528 0.361999 0.012878 0.054298
0 0.521502 0.190675 0.006936 0.043717
0 0.578624 0.187028 0.008539 0.043406
0 0.609194 0.195245 0.006274 0.040650
0 0.541612 0.187392 0.009107 0.045190
0 0.507296 0.180642 0.007420 0.044253
0 0.613574 0.198135 0.006706 0.040996
5 0.825441 0.760389 0.349117 0.477974
4 0.186597 0.375870 0.161316 0.211165
0 0.931380 0.251026 0.012039 0.041377
0 0.692215 0.249599 0.010433 0.052791
