2 0.402758 0.375526 0.068753 0.077510
2 0.219809 0.418729 0.068221 0.092470
5 0.311880 0.197755 0.058163 0.075964
2 0.251661 0.383029 0.073537 0.084628
2 0.343601 0.381329 0.078288 0.095539
2 0.141144 0.439085 0.066811 0.079999
2 0.278061 0.337946 0.066474 0.075711
2 0.458186 0.292001 0.065914 0.057144
2 0.372490 0.191088 0.038512 0.042399
4 0.272455 0.104569 0.100184 0.077565
2 0.437821 0.217748 0.049599 0.043216
4 0.580524 0.225787 0.111714 0.131527
2 0.909723 0.524429 0.122678 0.092363
2 0.959092 0.950805 0.081544 0.096609
2 0.136293 0.121692 0.029174 0.034612
2 0.392377 0.288917 0.068819 0.066222
2 0.160692 0.100667 0.025168 0.029818
2 0.333946 0.327635 0.058909 0.057206
2 0.284485 0.151794 0.043133 0.037485
2 0.136890 0.241019 0.042951 0.054500
2 0.071794 0.108117 0.032258 0.036833
0 0.041276 0.518310 0.019621 0.083768
2 0.783798 0.971283 0.171174 0.057313
2 0.178028 0.257108 0.043763 0.055662
0 0.018612 0.622745 0.027354 0.087815
0 0.396821 0.838360 0.028451 0.130156
2 0.041271 0.453560 0.082230 0.103255
0 0.576224 0.465916 0.014995 0.086505
2 0.100164 0.105386 0.032260 0.034759
2 0.119541 0.378733 0.064199 0.067920
0 0.316589 0.781735 0.028208 0.117438
0 0.297218 0.807861 0.029365 0.122942
2 0.266147 0.279164 0.053400 0.053068
0 0.271810 0.804598 0.023341 0.116935
0 0.096205 0.649887 0.017421 0.098446
4 0.904138 0.413875 0.189535 0.211897
0 0.480004 0.165026 0.006728 0.040624
0 0.931343 0.325160 0.012167 0.034765
0 0.356149 0.125839 0.007294 0.037076
5 0.075087 0.202675 0.068455 0.117048
2 0.073574 0.078344 0.023192 0.024629
0 0.797447 0.281317 0.011668 0.053910
0 0.257877 0.810728 0.024419 0.125994
0 0.341588 0.120711 0.007892 0.036040
0 0.459433 0.162882 0.008442 0.040846
0 0.882934 0.295159 0.011851 0.045536
0 0.092025 0.578992 0.015969 0.062721
0 0.300262 0.407015 0.012147 0.057487
0 0.466523 0.164664 0.008143 0.047852
0 0.392523 0.139922 0.007770 0.038944
0 0.929932 0.257537 0.009318 0.042820
3 0.301766 0.429274 0.020993 0.058453
0 0.523266 0.184688 0.008880 0.046415
6 0.606308 0.362419 0.012956 0.053809
0 0.386730 0.138924 0.006779 0.043454
6 0.137607 0.485801 0.013248 0.043935
0 0.420562 0.152353 0.007211 0.035804
0 0.447576 0.161953 0.006848 0.043325
0 0.439064 0.154633 0.005943 0.037344
2 0.105174 0.208497 0.013599 0.044583
0 0.692639 0.254353 0.009031 0.055046
0 0.658450 0.242885 0.010966 0.055046
0 0.649258 0.219376 0.009353 0.050459
0 0.718764 0.255786 0.011611 0.055619
0 0.501699 0.179811 0.007741 0.044725
