2 0.459717 0.414913 0.077013 0.083186
2 0.348009 0.398091 0.069674 0.080443
2 0.670267 0.622503 0.127574 0.144733
2 0.475612 0.570821 0.106875 0.129727
2 0.468105 0.856795 0.180590 0.154747
2 0.391027 0.363455 0.070357 0.076286
5 0.191253 0.125804 0.029179 0.045754
2 0.517143 0.504899 0.103954 0.109307
2 0.810161 0.431510 0.095725 0.078293
2 0.574780 0.566938 0.089373 0.110218
2 0.766552 0.486573 0.118770 0.096403
2 0.848998 0.548921 0.135034 0.102338
2 0.362946 0.186872 0.041758 0.042026
2 0.270867 0.169493 0.040463 0.041142
2 0.878067 0.492563 0.115852 0.078133
0 0.284356 0.792572 0.024823 0.121077
2 0.113324 0.108271 0.031536 0.032798
0 0.295465 0.577207 0.016833 0.093077
0 0.222031 0.538161 0.017709 0.089225
0 0.255508 0.565380 0.019373 0.096500
0 0.643412 0.448975 0.016300 0.074976
2 0.065694 0.106297 0.030422 0.033374
0 0.153951 0.607056 0.030299 0.111634
0 0.259507 0.664798 0.022127 0.104248
0 0.312188 0.737304 0.020482 0.117118
0 0.866854 0.410102 0.017894 0.068144
0 0.052773 0.623207 0.021058 0.107891
2 0.980786 0.575402 0.038427 0.067369
0 0.238658 0.689376 0.022920 0.117732
0 0.953819 0.380892 0.014238 0.066405
2 0.414236 0.506064 0.072246 0.120754
0 0.617553 0.451980 0.013364 0.069638
2 0.021319 0.958642 0.042637 0.081387
2 0.041670 0.453957 0.083124 0.104048
2 0.967175 0.475980 0.065595 0.089024
0 0.038192 0.686592 0.023002 0.108020
4 0.284345 0.319216 0.114250 0.138716
0 0.347866 0.126884 0.005244 0.035507
0 0.627111 0.224230 0.010385 0.050599
0 0.618010 0.217162 0.007871 0.044474
0 0.537767 0.199178 0.009969 0.042409
0 0.363978 0.127719 0.009103 0.040505
0 0.478688 0.164139 0.006784 0.041089
0 0.377078 0.135442 0.007225 0.040694
0 0.573759 0.205650 0.009193 0.048911
0 0.548655 0.188423 0.007323 0.045820
0 0.441009 0.153102 0.009217 0.045452
0 0.658518 0.240338 0.009097 0.049795
0 0.552859 0.196341 0.006467 0.039049
2 0.089039 0.094143 0.024287 0.037475
0 0.038752 0.490143 0.016249 0.079087
0 0.399852 0.145274 0.007383 0.038597
0 0.412335 0.144954 0.006797 0.038725
0 0.423466 0.153254 0.007682 0.037723
0 0.473628 0.168634 0.009088 0.048180
6 0.137775 0.486158 0.012947 0.042910
0 0.521957 0.191149 0.007579 0.043029
4 0.193922 0.372422 0.147074 0.201416
0 0.651259 0.212234 0.009336 0.048640
0 0.326959 0.107711 0.006678 0.036136
6 0.606544 0.362121 0.012865 0.053946
0 0.719041 0.240333 0.009241 0.049925
0 0.602014 0.195204 0.008749 0.046497
0 0.635139 0.205983 0.009288 0.044138
0 0.609309 0.196385 0.006882 0.043925
0 0.501819 0.179984 0.006923 0.038816
2 0.153025 0.082770 0.015589 0.026238
2 0.183880 0.080804 0.028147 0.034508
0 0.495635 0.176995 0.007410 0.033130
0 0.429763 0.150022 0.004696 0.027576
2 0.283544 0.396825 0.041149 0.075666
5 0.941413 0.803505 0.117175 0.392991
4 0.104334 0.251026 0.105939 0.126984
0 0.931380 0.252452 0.015249 0.038523
