4 0.389671 0.140156 0.098858 0.095337
2 0.201840 0.401004 0.063764 0.090257
2 0.252147 0.385203 0.071872 0.088596
2 0.872706 0.502905 0.110638 0.087966
2 0.555241 0.368497 0.073692 0.075768
2 0.772852 0.424913 0.080259 0.077939
2 0.141117 0.439090 0.066662 0.080068
2 0.305759 0.352436 0.072176 0.084381
2 0.525249 0.297015 0.049954 0.056285
2 0.834932 0.414118 0.086347 0.082796
2 0.175546 0.259477 0.053608 0.057632
2 0.099539 0.252719 0.050556 0.068141
2 0.339285 0.329331 0.062941 0.066324
2 0.437882 0.217797 0.049568 0.043386
2 0.229841 0.180305 0.039424 0.041165
2 0.282358 0.151872 0.038880 0.038273
2 0.066492 0.179232 0.032841 0.053359
2 0.120027 0.378682 0.064771 0.066791
0 0.279965 0.563480 0.024111 0.087946
2 0.041295 0.453761 0.082505 0.103553
0 0.379453 0.724772 0.027820 0.115910
0 0.340409 0.541099 0.020310 0.088384
0 0.438272 0.525632 0.017115 0.083334
2 0.962349 0.589223 0.075184 0.106396
0 0.189056 0.568018 0.025785 0.092145
0 0.915385 0.417817 0.023200 0.075379
0 0.956426 0.315377 0.015214 0.058976
0 0.254271 0.801139 0.026119 0.132997
0 0.309428 0.770462 0.027174 0.120282
0 0.423754 0.510187 0.015891 0.086898
0 0.925780 0.319023 0.015747 0.055806
0 0.287614 0.799104 0.022753 0.125064
0 0.801641 0.286197 0.009676 0.053189
0 0.538550 0.198783 0.010930 0.043552
0 0.608822 0.226281 0.008742 0.042272
0 0.480055 0.165132 0.006710 0.040502
0 0.928848 0.387803 0.017398 0.058077
2 0.969029 0.502557 0.061943 0.113094
0 0.523693 0.185044 0.009608 0.046347
0 0.465337 0.167669 0.007145 0.042194
0 0.572237 0.206362 0.009352 0.048366
0 0.562980 0.199780 0.008005 0.043756
0 0.624533 0.218664 0.012651 0.045660
0 0.686921 0.248922 0.009433 0.046772
2 0.076434 0.082608 0.027926 0.030012
0 0.636625 0.223924 0.012179 0.050632
0 0.644488 0.223558 0.010014 0.049530
0 0.458913 0.163171 0.007945 0.040684
0 0.551367 0.190567 0.007722 0.044162
0 0.300530 0.141895 0.011218 0.038912
0 0.554919 0.196673 0.007630 0.037934
0 0.658221 0.240252 0.008896 0.048930
2 0.152828 0.082895 0.015176 0.026019
6 0.137668 0.486110 0.013108 0.044804
0 0.608052 0.190751 0.006637 0.039222
6 0.606465 0.361939 0.012687 0.051677
0 0.577745 0.198766 0.007997 0.046257
0 0.929843 0.255049 0.009042 0.037350
0 0.846990 0.368535 0.009165 0.019557
0 0.446701 0.162689 0.008200 0.040336
1 0.306602 0.807730 0.026555 0.072178
2 0.128792 0.088665 0.013477 0.019721
2 0.215033 0.079181 0.039022 0.037636
0 0.601720 0.194509 0.007281 0.041719
0 0.613405 0.199216 0.007200 0.045989
0 0.594832 0.202792 0.011946 0.048447
0 0.590259 0.190183 0.008399 0.051765
0 0.744858 0.256296 0.010303 0.047385
0 0.798166 0.243554 0.008959 0.037828
0 0.825716 0.248332 0.009407 0.050570
0 0.286611 0.085248 0.007794 0.034882
0 0.338607 0.122291 0.008511 0.038624
0 0.302684 0.406351 0.014783 0.060684
3 0.300803 0.430959 0.024459 0.053517
0 0.501749 0.180695 0.007615 0.041412
