2 0.348293 0.397811 0.069367 0.079421
2 0.459870 0.415388 0.076788 0.083536
2 0.475472 0.570858 0.106784 0.130163
2 0.391244 0.363572 0.070181 0.076562
2 0.573657 0.567032 0.090910 0.107959
2 0.522810 0.760512 0.172341 0.172462
2 0.512656 0.504707 0.097845 0.108763
5 0.754630 0.431556 0.076793 0.098579
2 0.904608 0.509923 0.113511 0.091122
2 0.362991 0.186799 0.041839 0.041841
2 0.147211 0.245195 0.046025 0.050366
2 0.127343 0.115347 0.031920 0.033904
0 0.048457 0.688225 0.024029 0.110371
0 0.336173 0.500158 0.023602 0.089516
2 0.041293 0.453831 0.082553 0.103991
0 0.632234 0.457218 0.021283 0.081263
0 0.923888 0.375707 0.014468 0.064980
2 0.415362 0.505874 0.074357 0.120823
0 0.858792 0.417773 0.016132 0.075257
0 0.350985 0.488654 0.020106 0.075090
0 0.247110 0.563969 0.021534 0.091550
4 0.184406 0.087682 0.124242 0.081477
2 0.921124 0.474634 0.108910 0.075252
0 0.597073 0.464075 0.021291 0.079640
0 0.570435 0.464119 0.025954 0.082426
0 0.571196 0.205437 0.009394 0.049288
0 0.450157 0.471766 0.015265 0.072648
0 0.872222 0.424884 0.015144 0.075127
0 0.944785 0.337487 0.011186 0.049271
0 0.537745 0.199487 0.009336 0.042554
0 0.623323 0.224892 0.010165 0.051472
0 0.351709 0.126144 0.005405 0.036685
4 0.249591 0.293854 0.106288 0.132128
0 0.617775 0.217396 0.007003 0.043103
0 0.531877 0.449153 0.014591 0.053510
0 0.362811 0.128945 0.007975 0.037049
0 0.344680 0.111540 0.006685 0.035643
0 0.478749 0.168860 0.009405 0.045732
0 0.438777 0.153516 0.008222 0.044525
0 0.597725 0.204239 0.006909 0.048729
2 0.080493 0.092260 0.022585 0.032635
0 0.552902 0.196592 0.006323 0.038467
0 0.430247 0.153046 0.006219 0.037124
0 0.400064 0.146360 0.007593 0.036570
0 0.466733 0.160988 0.008588 0.039361
0 0.658312 0.240289 0.009193 0.049421
0 0.419818 0.147288 0.007175 0.040595
2 0.100045 0.099992 0.026069 0.038765
0 0.375266 0.135252 0.008256 0.039816
2 0.974623 0.477669 0.050755 0.089988
0 0.412369 0.144344 0.006881 0.038565
6 0.137766 0.486586 0.013106 0.043313
0 0.637843 0.207853 0.009067 0.044279
0 0.521573 0.191664 0.006615 0.041596
0 0.547814 0.188810 0.007482 0.043736
2 0.283566 0.397107 0.041172 0.075550
0 0.473407 0.161456 0.006049 0.039928
0 0.578667 0.457251 0.010255 0.069414
0 0.587002 0.200186 0.008342 0.057107
0 0.502900 0.179639 0.006963 0.039848
6 0.606595 0.362334 0.012740 0.054656
0 0.652657 0.211212 0.006842 0.046617
0 0.580887 0.197980 0.008868 0.040447
0 0.609216 0.195487 0.006347 0.042727
0 0.527102 0.189086 0.006506 0.034715
0 0.224474 0.528334 0.022161 0.085176
0 0.929466 0.257809 0.010568 0.043619
2 0.060115 0.081806 0.023520 0.030067
5 0.837881 0.764981 0.324238 0.470037
4 0.192616 0.379436 0.149278 0.206884
4 0.097913 0.253879 0.102729 0.107009
0 0.693419 0.252452 0.012841 0.055645
