2 0.197515 0.396119 0.063132 0.088854
2 0.889030 0.510540 0.112845 0.088471
2 0.170038 0.257700 0.052939 0.062603
4 0.390125 0.140749 0.100402 0.095830
2 0.252060 0.384533 0.072210 0.088750
2 0.788928 0.431404 0.082010 0.078896
2 0.438072 0.217771 0.049547 0.043310
2 0.281960 0.151667 0.038275 0.037596
0 0.377357 0.721587 0.026416 0.117469
2 0.241222 0.186914 0.039820 0.041503
2 0.537954 0.304055 0.050899 0.057224
0 0.253412 0.804346 0.024070 0.128691
0 0.448433 0.525063 0.020400 0.084319
0 0.919340 0.414909 0.019331 0.075967
0 0.347772 0.539631 0.019429 0.089199
0 0.286246 0.796980 0.022844 0.127636
0 0.432684 0.506793 0.019227 0.085370
2 0.850856 0.419681 0.089736 0.085330
0 0.197249 0.565044 0.014617 0.092874
0 0.309868 0.769262 0.027310 0.121776
2 0.300280 0.349656 0.071874 0.087369
2 0.583929 0.378957 0.085084 0.075857
0 0.289769 0.562121 0.016462 0.089910
0 0.953663 0.313582 0.013442 0.059976
2 0.090634 0.244675 0.045491 0.063858
2 0.916506 0.967283 0.166398 0.063690
2 0.141182 0.439644 0.066345 0.080922
0 0.928138 0.318297 0.014012 0.057351
2 0.120032 0.379348 0.064734 0.067174
2 0.981622 0.601398 0.036371 0.076609
0 0.538409 0.199084 0.010802 0.044193
0 0.254350 0.755881 0.023017 0.052736
0 0.803549 0.287684 0.009982 0.053561
0 0.523510 0.184723 0.009255 0.047018
2 0.060216 0.174865 0.032431 0.052127
0 0.623940 0.219072 0.010968 0.044643
0 0.638591 0.222603 0.011761 0.054121
0 0.608533 0.226542 0.008849 0.042430
0 0.572237 0.206393 0.009712 0.047883
2 0.041001 0.453869 0.081827 0.103601
2 0.080180 0.082482 0.020328 0.029768
0 0.658314 0.240777 0.009468 0.048031
0 0.563633 0.199170 0.007925 0.045135
0 0.465346 0.167739 0.006925 0.041506
1 0.303403 0.804780 0.023146 0.076014
0 0.480061 0.164764 0.006549 0.041605
0 0.686961 0.249225 0.008880 0.046196
2 0.336294 0.324452 0.050691 0.063257
0 0.301896 0.408710 0.013292 0.058031
0 0.929948 0.257590 0.009323 0.043806
0 0.843326 0.370435 0.008377 0.021382
0 0.551527 0.190257 0.007564 0.044082
2 0.152875 0.083157 0.015940 0.026468
0 0.692359 0.250039 0.007595 0.049771
3 0.298499 0.434381 0.028491 0.054472
0 0.301930 0.142435 0.008166 0.038252
0 0.285850 0.083834 0.007096 0.029243
6 0.138443 0.489299 0.013644 0.044230
6 0.603933 0.360175 0.018459 0.071339
