2 0.191833 0.665663 0.111202 0.150825
2 0.333226 0.461718 0.068403 0.092194
2 0.424763 0.585988 0.100290 0.111330
2 0.678383 0.558500 0.111801 0.124176
2 0.285211 0.351813 0.066939 0.071339
2 0.390779 0.432468 0.076760 0.084017
2 0.418216 0.385253 0.068781 0.075253
2 0.671317 0.722080 0.132657 0.134427
2 0.732143 0.869582 0.161906 0.178258
4 0.354260 0.132971 0.094322 0.088970
2 0.917906 0.917546 0.164187 0.164908
2 0.324775 0.191165 0.042822 0.042429
2 0.208217 0.163983 0.036341 0.040563
2 0.437880 0.217446 0.049325 0.043009
2 0.363300 0.186887 0.040658 0.041678
2 0.138846 0.123957 0.031755 0.034874
2 0.086119 0.241120 0.045574 0.053367
2 0.089792 0.193382 0.041857 0.054767
4 0.444059 0.162617 0.113798 0.102931
2 0.116394 0.135377 0.033985 0.034862
2 0.041245 0.453656 0.082455 0.103471
2 0.206383 0.136084 0.035525 0.028822
2 0.574616 0.558572 0.086411 0.133261
2 0.098669 0.170010 0.040109 0.047145
2 0.852124 0.756655 0.129568 0.171407
0 0.452319 0.934891 0.032098 0.127354
2 0.073411 0.090052 0.026636 0.030207
0 0.903518 0.320626 0.014851 0.051293
2 0.021728 0.825869 0.043457 0.110369
0 0.954130 0.401579 0.011851 0.071898
0 0.885641 0.310288 0.015909 0.053584
2 0.046826 0.163355 0.034962 0.052149
0 0.606380 0.226094 0.008119 0.041004
0 0.353721 0.908436 0.022897 0.136620
0 0.399967 0.959076 0.036939 0.081849
0 0.620893 0.217375 0.011525 0.044734
0 0.574509 0.205744 0.008739 0.048855
0 0.558732 0.185100 0.007652 0.044947
2 0.175721 0.214700 0.037964 0.046964
0 0.535268 0.198868 0.010629 0.042216
2 0.100621 0.091110 0.014991 0.028160
0 0.642067 0.217908 0.009083 0.048289
2 0.283392 0.287363 0.069916 0.078005
0 0.658229 0.240502 0.009205 0.048970
0 0.578928 0.187586 0.008507 0.043063
5 0.149998 0.270801 0.101833 0.159341
0 0.627523 0.204151 0.007090 0.044023
0 0.553033 0.195290 0.007440 0.040781
0 0.540851 0.186867 0.007664 0.041369
0 0.930470 0.257360 0.009023 0.042571
7 0.137976 0.486473 0.012835 0.041660
0 0.615395 0.200613 0.006918 0.042311
0 0.523077 0.186289 0.008205 0.044134
0 0.609755 0.193320 0.007277 0.038870
0 0.590928 0.191489 0.007605 0.041770
0 0.601649 0.195403 0.009091 0.043323
2 0.090061 0.084135 0.013248 0.018638
0 0.692387 0.251154 0.008063 0.051605
7 0.608748 0.360175 0.015249 0.059925
