2 0.348205 0.397824 0.069326 0.079566
2 0.475795 0.570803 0.106190 0.129367
2 0.459819 0.414941 0.076650 0.082297
2 0.499932 0.495424 0.089493 0.101138
2 0.391168 0.363586 0.070287 0.077258
2 0.563802 0.562743 0.080028 0.108209
2 0.960918 0.391174 0.078164 0.070769
2 0.282438 0.181484 0.035663 0.039905
4 0.374751 0.139318 0.134619 0.103059
2 0.215816 0.159387 0.038852 0.039101
2 0.362874 0.186911 0.041791 0.041182
2 0.426723 0.214122 0.053053 0.042672
2 0.162959 0.132734 0.030481 0.044800
0 0.844202 0.429318 0.023944 0.073096
0 0.903698 0.420445 0.016732 0.074074
2 0.041420 0.453807 0.082700 0.104049
2 0.087317 0.097217 0.028728 0.030926
0 0.078060 0.541924 0.025507 0.084170
0 0.281449 0.547121 0.019665 0.079501
2 0.228606 0.146559 0.033499 0.037162
0 0.825319 0.400425 0.016495 0.073633
0 0.088699 0.704508 0.032888 0.115170
0 0.805435 0.442076 0.014463 0.075752
0 0.868485 0.391272 0.014415 0.066209
0 0.030335 0.644654 0.017882 0.086211
2 0.402385 0.495968 0.072537 0.117708
2 0.283718 0.397299 0.040911 0.076346
0 0.772250 0.273302 0.011460 0.054033
0 0.920561 0.363481 0.010949 0.062525
0 0.879843 0.312431 0.015900 0.055385
0 0.574113 0.206260 0.008892 0.049746
2 0.140070 0.092156 0.024499 0.028768
0 0.618851 0.218030 0.008974 0.045109
0 0.347712 0.496161 0.022646 0.094700
0 0.478768 0.164317 0.007235 0.041762
0 0.542265 0.186833 0.007147 0.042892
0 0.938256 0.354361 0.014273 0.037566
0 0.630136 0.204826 0.008165 0.044321
0 0.953527 0.338562 0.015422 0.040561
0 0.658596 0.240078 0.009203 0.049590
0 0.039233 0.581768 0.018174 0.091511
0 0.921312 0.299536 0.010543 0.049544
0 0.964547 0.336016 0.011523 0.044695
0 0.536108 0.197303 0.008401 0.045899
0 0.929588 0.257738 0.008420 0.044989
0 0.469389 0.167291 0.008619 0.043781
0 0.552677 0.194712 0.007471 0.042821
0 0.558432 0.186844 0.008442 0.046834
0 0.461374 0.168651 0.007180 0.042464
6 0.137832 0.486445 0.012958 0.043400
2 0.214612 0.077838 0.040573 0.037959
0 0.608627 0.196316 0.007594 0.045344
0 0.590410 0.188826 0.006678 0.044434
0 0.808508 0.289796 0.007573 0.048358
0 0.578605 0.188708 0.008728 0.041024
2 0.129084 0.110300 0.034763 0.048325
6 0.606543 0.362397 0.012865 0.054389
0 0.613534 0.198370 0.006349 0.042190
0 0.601147 0.196256 0.009115 0.044280
2 0.129040 0.117752 0.034953 0.032564
0 0.007427 0.588685 0.014853 0.087714
5 0.797753 0.735019 0.404494 0.529963
4 0.189005 0.373016 0.156501 0.225432
0 0.690209 0.248172 0.011236 0.055645
