2 0.922945 0.520362 0.121168 0.100970
4 0.389265 0.140691 0.101858 0.095478
2 0.086415 0.164194 0.036495 0.042142
2 0.282139 0.151829 0.038660 0.037443
2 0.438037 0.217678 0.049635 0.043168
0 0.211094 0.714515 0.021447 0.115964
2 0.666348 0.450650 0.089788 0.076626
2 0.973250 0.957645 0.053215 0.083801
2 0.107912 0.212619 0.046594 0.060655
2 0.889558 0.465824 0.088973 0.065345
0 0.405139 0.589002 0.023183 0.098582
0 0.534224 0.489251 0.021576 0.079650
0 0.163380 0.729680 0.022963 0.118100
2 0.127107 0.281163 0.054522 0.067743
1 0.278565 0.778891 0.042807 0.075960
0 0.177903 0.718223 0.025727 0.107927
2 0.784518 0.465301 0.064217 0.083241
0 0.472064 0.508523 0.018331 0.082494
0 0.579359 0.470230 0.013875 0.081296
2 0.141147 0.439735 0.066547 0.081033
0 0.899213 0.320503 0.014671 0.054367
0 0.597691 0.477185 0.016876 0.077499
0 0.731806 0.420229 0.013104 0.067261
2 0.120114 0.378324 0.064740 0.069023
0 0.407429 0.509840 0.013253 0.085777
0 0.880910 0.285848 0.012255 0.055937
2 0.950674 0.455181 0.090779 0.080571
0 0.538610 0.198585 0.010915 0.045341
0 0.523484 0.184735 0.009170 0.047300
0 0.850408 0.274231 0.008600 0.052527
0 0.315040 0.134131 0.007818 0.035334
0 0.624216 0.218976 0.011794 0.045274
0 0.572510 0.205947 0.009752 0.049082
0 0.301996 0.132030 0.008649 0.035214
2 0.080707 0.083334 0.019907 0.029146
0 0.284177 0.738933 0.029099 0.105253
0 0.930019 0.257787 0.009141 0.043849
2 0.041027 0.453679 0.081896 0.103812
0 0.562889 0.199494 0.006841 0.043930
0 0.658386 0.242927 0.009316 0.044102
0 0.465474 0.167768 0.007106 0.041624
0 0.479943 0.164758 0.006530 0.041307
0 0.867386 0.312399 0.007370 0.044204
0 0.870303 0.272112 0.008676 0.047729
0 0.578956 0.197536 0.009398 0.046954
0 0.609383 0.226436 0.009146 0.042660
0 0.686696 0.248259 0.008494 0.047060
0 0.586136 0.201449 0.009669 0.045895
0 0.551780 0.190389 0.007687 0.043951
0 0.600638 0.195665 0.007848 0.044717
0 0.615102 0.200238 0.006266 0.041770
0 0.299469 0.405238 0.017739 0.061640
3 0.300986 0.431639 0.025803 0.061640
6 0.605538 0.362315 0.016854 0.069913
6 0.138042 0.490012 0.020866 0.051365
