2 0.580992 0.391003 0.075769 0.071402
2 0.678269 0.709536 0.142973 0.163500
2 0.187081 0.331318 0.057315 0.065401
2 0.767475 0.414175 0.085638 0.074954
2 0.718017 0.609984 0.114787 0.122219
2 0.222356 0.527545 0.073858 0.099442
2 0.206333 0.409683 0.067417 0.076477
2 0.169416 0.437348 0.066019 0.098602
2 0.531847 0.475429 0.088400 0.093843
2 0.512134 0.563390 0.111658 0.134114
2 0.534345 0.320499 0.061999 0.056123
2 0.449344 0.466064 0.089337 0.107448
2 0.763673 0.872655 0.159184 0.200284
4 0.356396 0.133681 0.098739 0.089903
2 0.437903 0.217698 0.049403 0.043670
2 0.301226 0.310296 0.058436 0.061202
2 0.421057 0.388166 0.068326 0.064795
4 0.467390 0.171357 0.115923 0.107145
2 0.171380 0.141093 0.035090 0.035188
2 0.362866 0.186957 0.041716 0.041702
2 0.158065 0.256673 0.047344 0.057514
2 0.206249 0.236796 0.045450 0.047230
2 0.245405 0.156225 0.033012 0.036963
2 0.292516 0.201841 0.047999 0.044854
2 0.339744 0.907496 0.199699 0.168761
2 0.200039 0.121372 0.036578 0.033943
2 0.332128 0.368311 0.058458 0.083798
2 0.041339 0.453796 0.082660 0.103545
0 0.231315 0.759219 0.022055 0.119538
2 0.121926 0.224397 0.039358 0.044593
2 0.071695 0.108283 0.031598 0.038312
2 0.409483 0.271268 0.047042 0.052057
2 0.099869 0.104369 0.031157 0.030844
0 0.956304 0.402183 0.013139 0.071678
0 0.327039 0.788328 0.028404 0.090932
0 0.393030 0.967082 0.024110 0.065484
0 0.606315 0.226020 0.007574 0.040628
0 0.152502 0.570192 0.022405 0.098370
2 0.975194 0.859233 0.049611 0.166721
4 0.360365 0.494544 0.146577 0.211347
0 0.574348 0.205744 0.008389 0.049677
0 0.422923 0.975264 0.027352 0.048587
0 0.658123 0.240420 0.008920 0.048565
2 0.134975 0.103790 0.026727 0.031626
0 0.376765 0.973059 0.028821 0.053650
0 0.619688 0.218470 0.010392 0.043245
0 0.627593 0.204454 0.007569 0.044726
0 0.594586 0.200162 0.008066 0.046143
0 0.822725 0.296528 0.009537 0.052845
1 0.322596 0.819630 0.036415 0.051452
5 0.217541 0.289635 0.048352 0.075719
0 0.537875 0.198133 0.011741 0.042994
0 0.552949 0.195691 0.008306 0.041031
7 0.137978 0.486616 0.012631 0.042310
5 0.076064 0.209452 0.071991 0.132138
0 0.578865 0.187855 0.008409 0.042779
0 0.930294 0.254654 0.009117 0.036502
2 0.153008 0.082973 0.015484 0.026252
0 0.609248 0.194373 0.006617 0.038161
0 0.301425 0.096943 0.004978 0.029293
0 0.692578 0.250946 0.009353 0.049885
7 0.605538 0.360175 0.018459 0.059925
