2 0.348186 0.397936 0.069494 0.079801
2 0.473548 0.568966 0.105355 0.129657
2 0.850452 0.483559 0.063260 0.087554
2 0.391106 0.363528 0.070146 0.076469
2 0.459809 0.415060 0.076816 0.081910
2 0.561959 0.297488 0.064083 0.057801
2 0.498866 0.496269 0.087582 0.103018
2 0.488662 0.307388 0.064107 0.056157
2 0.169760 0.108810 0.027904 0.031340
2 0.686377 0.885328 0.153411 0.183455
2 0.198654 0.150194 0.041003 0.042572
4 0.374549 0.139914 0.135114 0.104829
2 0.295330 0.182175 0.041838 0.040264
2 0.362901 0.186921 0.041650 0.041786
2 0.438336 0.217595 0.049629 0.042886
2 0.410386 0.255233 0.049104 0.052499
0 0.210525 0.760240 0.027321 0.125639
2 0.398067 0.491990 0.072166 0.116450
2 0.252069 0.177212 0.037264 0.053202
2 0.117308 0.113215 0.031839 0.032245
2 0.041326 0.454061 0.082560 0.103945
0 0.211304 0.557798 0.022956 0.085443
0 0.977593 0.402959 0.016692 0.070929
0 0.157430 0.699856 0.026266 0.109987
2 0.079698 0.092786 0.028839 0.032716
0 0.908362 0.385466 0.015163 0.073307
0 0.170700 0.587039 0.017424 0.082460
0 0.942388 0.332738 0.012533 0.058966
0 0.899164 0.315517 0.011187 0.061256
2 0.532924 0.548901 0.022015 0.071601
4 0.158477 0.078302 0.062095 0.064450
0 0.083061 0.661068 0.018909 0.095514
0 0.618791 0.217923 0.009357 0.045253
0 0.917007 0.327281 0.010066 0.047894
2 0.141124 0.109315 0.025030 0.029604
0 0.567462 0.200884 0.006961 0.043120
0 0.574360 0.206227 0.009231 0.049131
0 0.933014 0.364819 0.011973 0.057627
0 0.879968 0.314561 0.008013 0.050484
0 0.101377 0.657240 0.019818 0.098630
0 0.629798 0.204537 0.009357 0.045852
0 0.839029 0.305202 0.010328 0.042146
0 0.135000 0.743266 0.015414 0.092725
0 0.939493 0.408037 0.008597 0.069685
0 0.873136 0.308862 0.010158 0.056719
0 0.931117 0.421673 0.014250 0.068748
0 0.658304 0.240392 0.009241 0.049075
0 0.552676 0.195807 0.006671 0.039915
0 0.480592 0.165345 0.005600 0.040784
0 0.540477 0.186950 0.006796 0.042490
0 0.521621 0.190670 0.007714 0.044016
6 0.606509 0.361423 0.013014 0.054844
0 0.797482 0.281560 0.007220 0.057898
0 0.475751 0.168080 0.007197 0.044862
0 0.590447 0.188206 0.006774 0.045163
0 0.125489 0.644792 0.028797 0.110164
0 0.793113 0.283932 0.006605 0.050677
0 0.609136 0.195867 0.006798 0.048533
0 0.536100 0.199227 0.007969 0.042232
0 0.601167 0.196459 0.008477 0.044734
0 0.738344 0.253779 0.008288 0.054144
6 0.137886 0.486116 0.013081 0.042736
0 0.577664 0.186875 0.009482 0.042463
0 0.468072 0.161496 0.007092 0.038549
2 0.283641 0.396812 0.041038 0.075946
0 0.774985 0.272153 0.012419 0.048317
0 0.613607 0.198220 0.006438 0.042580
0 0.207553 0.518945 0.013102 0.050379
5 0.766453 0.725745 0.462279 0.548511
4 0.190209 0.375156 0.155698 0.209738
0 0.692616 0.251739 0.012841 0.059925
0 0.502740 0.179360 0.007839 0.042606
0 0.490869 0.162039 0.006495 0.032652
