4 0.389607 0.140154 0.099195 0.095226
2 0.205941 0.405225 0.064777 0.090821
2 0.252154 0.384732 0.072094 0.087876
2 0.535214 0.357121 0.080115 0.074083
2 0.756249 0.417422 0.078714 0.076960
2 0.310711 0.358101 0.073255 0.088942
2 0.855580 0.494818 0.106853 0.086942
2 0.141032 0.438906 0.066593 0.079898
2 0.819438 0.406216 0.080463 0.082370
2 0.943046 0.580246 0.113752 0.113910
2 0.348995 0.335647 0.062214 0.068152
2 0.512967 0.289962 0.048971 0.054651
2 0.437945 0.217809 0.049445 0.043152
2 0.218767 0.173217 0.038354 0.039601
2 0.180951 0.261631 0.054317 0.053606
2 0.282385 0.151802 0.038823 0.038736
2 0.102824 0.258299 0.045541 0.070472
2 0.120029 0.378819 0.064628 0.067043
0 0.274774 0.566226 0.028923 0.086886
2 0.041390 0.453807 0.082742 0.103037
2 0.073390 0.183154 0.031524 0.053868
0 0.380099 0.729203 0.027332 0.111523
0 0.309417 0.769926 0.025997 0.118082
0 0.432034 0.528590 0.026858 0.081875
2 0.054588 0.141475 0.027064 0.038465
0 0.416039 0.513771 0.016058 0.086422
0 0.334962 0.545772 0.019821 0.089625
0 0.288876 0.802819 0.021940 0.126314
0 0.959278 0.315421 0.011631 0.060220
0 0.908406 0.420379 0.017424 0.073847
0 0.538527 0.198779 0.010893 0.043692
0 0.799399 0.284924 0.009823 0.053986
0 0.608255 0.226843 0.008211 0.042484
2 0.071119 0.226096 0.024984 0.050961
0 0.932035 0.385123 0.015699 0.055786
0 0.480260 0.165199 0.006345 0.040625
0 0.923814 0.317153 0.012947 0.056689
0 0.465263 0.167718 0.006988 0.042024
0 0.572525 0.205910 0.009389 0.048668
0 0.523633 0.185291 0.009565 0.045783
2 0.966519 0.499287 0.066962 0.109888
0 0.642598 0.219020 0.008121 0.046371
0 0.257634 0.802599 0.032249 0.131791
2 0.920412 0.965491 0.159176 0.067560
0 0.563104 0.199115 0.007583 0.044608
3 0.930905 0.404511 0.032578 0.046134
2 0.076413 0.082195 0.027887 0.030430
0 0.743677 0.254245 0.008755 0.049830
0 0.301041 0.142226 0.010934 0.039718
0 0.624939 0.218732 0.011158 0.046240
0 0.807758 0.286154 0.008379 0.052429
0 0.686556 0.248798 0.009939 0.046914
0 0.929832 0.257376 0.009077 0.042179
0 0.658354 0.239967 0.009172 0.048820
0 0.551396 0.190274 0.007496 0.043878
0 0.633677 0.221711 0.008102 0.052502
0 0.850904 0.376195 0.011515 0.036453
0 0.458829 0.163151 0.008133 0.040394
0 0.554782 0.196572 0.007717 0.038278
0 0.446464 0.162109 0.008370 0.039608
3 0.301466 0.428941 0.021219 0.057321
2 0.128755 0.088808 0.013474 0.019594
6 0.606500 0.362039 0.012989 0.054017
0 0.608080 0.191613 0.006415 0.037714
0 0.613486 0.199427 0.006814 0.045476
0 0.795862 0.241430 0.008089 0.036186
6 0.137608 0.486241 0.013365 0.044505
0 0.577560 0.199455 0.007926 0.045512
0 0.181560 0.571366 0.022726 0.092063
2 0.152723 0.082929 0.015016 0.025874
0 0.302852 0.407130 0.014372 0.056742
0 0.305040 0.807080 0.023545 0.088303
0 0.593408 0.201507 0.012319 0.052959
0 0.663402 0.213253 0.010303 0.049376
0 0.692408 0.253072 0.007839 0.052561
0 0.500903 0.179606 0.009183 0.046588
0 0.287385 0.086330 0.007096 0.029243
