2 0.921754 0.519800 0.121362 0.100916
2 0.645295 0.438957 0.086747 0.076076
4 0.389359 0.140719 0.101827 0.095720
2 0.780484 0.463851 0.067063 0.081544
0 0.216049 0.717138 0.025115 0.114031
2 0.281905 0.151762 0.038347 0.037438
2 0.976067 0.959849 0.047489 0.080300
2 0.438015 0.217679 0.049728 0.043116
2 0.093909 0.169610 0.032858 0.043974
0 0.460813 0.511267 0.028319 0.082960
0 0.399090 0.513883 0.026681 0.087749
2 0.888759 0.465689 0.088705 0.064903
0 0.402254 0.591638 0.021549 0.098118
0 0.592836 0.480447 0.021760 0.079173
0 0.572146 0.472731 0.024055 0.079485
2 0.116458 0.218440 0.047843 0.062600
0 0.521868 0.490189 0.019825 0.081330
2 0.136841 0.288233 0.056124 0.069923
0 0.166147 0.733550 0.021596 0.121582
0 0.180789 0.721159 0.022421 0.111119
2 0.141292 0.439500 0.066601 0.080830
0 0.896416 0.318028 0.011862 0.054264
2 0.120057 0.379036 0.064612 0.066385
0 0.735080 0.419557 0.018494 0.067923
0 0.883197 0.287918 0.012126 0.058073
0 0.538591 0.198249 0.011129 0.045301
2 0.949731 0.455620 0.092061 0.081445
0 0.850878 0.272841 0.008817 0.050547
0 0.808087 0.288103 0.008437 0.054445
0 0.285922 0.739266 0.028821 0.109768
0 0.523420 0.184716 0.009147 0.047264
0 0.624211 0.219115 0.011854 0.045478
0 0.572630 0.205998 0.010104 0.049211
2 0.041028 0.453877 0.081909 0.103795
1 0.278489 0.780259 0.041222 0.075146
0 0.313281 0.134699 0.007396 0.036590
0 0.609519 0.226242 0.009487 0.043203
0 0.300137 0.133110 0.008453 0.037666
2 0.080777 0.083212 0.019865 0.029023
0 0.562693 0.199458 0.007530 0.044744
0 0.658057 0.241059 0.009713 0.048387
0 0.480037 0.164807 0.006411 0.041237
0 0.687005 0.248478 0.009637 0.046745
0 0.930119 0.257711 0.009022 0.043783
0 0.465373 0.167845 0.006859 0.041874
0 0.551728 0.190185 0.007608 0.044497
0 0.298930 0.407988 0.016384 0.058623
0 0.578899 0.197342 0.009569 0.047095
0 0.600714 0.195560 0.008112 0.044655
0 0.586683 0.201406 0.008739 0.045463
0 0.614975 0.199978 0.006476 0.042410
0 0.802008 0.409220 0.013887 0.054950
3 0.301056 0.435927 0.028371 0.048446
6 0.137239 0.486446 0.016051 0.058498
6 0.606340 0.360175 0.013644 0.068486
