4 0.305218 0.115425 0.095761 0.087507
2 0.400390 0.607540 0.098395 0.122193
2 0.330408 0.447285 0.082941 0.102606
2 0.582538 0.786472 0.148139 0.173204
2 0.913123 0.673091 0.148562 0.130343
2 0.360874 0.409971 0.058076 0.076630
2 0.773932 0.455263 0.107246 0.092293
2 0.308521 0.356460 0.062843 0.078216
2 0.249399 0.374858 0.056218 0.093768
2 0.695331 0.358707 0.079908 0.066529
2 0.782405 0.691518 0.078660 0.136802
2 0.563157 0.334398 0.072331 0.063015
2 0.769905 0.602044 0.095765 0.115520
2 0.438157 0.217695 0.049053 0.043198
2 0.379564 0.241212 0.052702 0.052478
2 0.167084 0.263021 0.047720 0.051432
2 0.171319 0.325453 0.054881 0.056619
4 0.456224 0.169834 0.149525 0.117434
2 0.362988 0.187118 0.041670 0.042047
2 0.871381 0.456437 0.101488 0.077360
2 0.301553 0.304016 0.059973 0.050372
2 0.204969 0.168299 0.043706 0.039285
2 0.041281 0.453890 0.082470 0.103456
4 0.158507 0.081338 0.074038 0.064988
0 0.383305 0.959154 0.027638 0.081693
2 0.750082 0.525590 0.126114 0.089200
2 0.193624 0.142147 0.038604 0.035615
0 0.959592 0.418743 0.014513 0.072710
2 0.826895 0.920504 0.194263 0.158991
0 0.945695 0.402324 0.013562 0.072554
0 0.878392 0.314690 0.014792 0.048476
0 0.551060 0.243566 0.014196 0.055624
0 0.385380 0.841995 0.021517 0.112991
2 0.184163 0.126028 0.034710 0.032851
0 0.477997 0.978688 0.023222 0.041548
2 0.939190 0.809965 0.121620 0.188461
0 0.839711 0.299696 0.009924 0.053927
0 0.763501 0.265795 0.009653 0.057186
0 0.521407 0.973756 0.026263 0.052489
0 0.618801 0.218058 0.008932 0.044942
0 0.315992 0.861598 0.020448 0.125159
0 0.572266 0.205674 0.009654 0.049906
2 0.060138 0.085956 0.023007 0.027648
0 0.361202 0.981239 0.018603 0.036738
0 0.627451 0.203825 0.006792 0.043664
0 0.355514 0.125966 0.007128 0.036679
0 0.658405 0.239925 0.009186 0.049098
0 0.536105 0.199320 0.008496 0.043803
0 0.366026 0.851069 0.020629 0.116211
0 0.299587 0.872566 0.025588 0.120388
0 0.541932 0.186590 0.007460 0.043053
0 0.350465 0.860615 0.021399 0.120658
6 0.137651 0.486322 0.013110 0.043588
0 0.565209 0.214132 0.008287 0.051919
0 0.152727 0.593709 0.016113 0.085353
0 0.363119 0.128450 0.007836 0.036661
0 0.579839 0.197227 0.010958 0.043637
0 0.929361 0.257818 0.009120 0.044089
0 0.552648 0.195945 0.006735 0.041237
0 0.638220 0.218649 0.012096 0.047251
0 0.722460 0.251793 0.008882 0.064520
5 0.565008 0.575620 0.372392 0.462279
0 0.692616 0.249599 0.014446 0.058498
4 0.077849 0.270287 0.118780 0.194043
7 0.607143 0.360175 0.016854 0.068486
