2 0.402898 0.375270 0.068782 0.077667
2 0.219771 0.418999 0.068115 0.093214
2 0.251702 0.382409 0.073603 0.083332
2 0.430997 0.277514 0.063149 0.053787
2 0.141171 0.439204 0.066734 0.080178
2 0.343664 0.381332 0.078179 0.095947
2 0.278389 0.338014 0.066129 0.075642
2 0.824946 0.490776 0.110723 0.087881
5 0.288046 0.186722 0.055045 0.072743
2 0.349133 0.265735 0.059756 0.062155
2 0.369966 0.189796 0.039763 0.042697
2 0.437898 0.217720 0.049700 0.043092
4 0.260935 0.104101 0.101929 0.082023
4 0.560372 0.214060 0.114731 0.121835
2 0.155589 0.098317 0.025112 0.028951
2 0.960530 0.950329 0.078730 0.097195
2 0.139530 0.242576 0.041981 0.052728
2 0.334689 0.328637 0.058997 0.057745
2 0.129774 0.117905 0.028572 0.034008
2 0.786708 0.970476 0.171444 0.059048
2 0.269405 0.281811 0.051346 0.052758
2 0.179705 0.258050 0.044014 0.055329
0 0.037598 0.512104 0.019123 0.082527
2 0.283871 0.149140 0.042357 0.031313
0 0.402778 0.852374 0.029147 0.132127
0 0.026360 0.618176 0.019632 0.087014
2 0.119510 0.378735 0.064103 0.066341
0 0.563366 0.470477 0.021496 0.085000
0 0.297076 0.808061 0.029548 0.123196
2 0.041493 0.452943 0.082396 0.101629
0 0.081920 0.650279 0.018072 0.085127
0 0.316618 0.780681 0.027881 0.118514
2 0.109099 0.210439 0.022054 0.043529
0 0.084290 0.596767 0.023721 0.084235
0 0.356116 0.125447 0.007168 0.037437
0 0.271401 0.805471 0.023750 0.116024
4 0.885710 0.401944 0.224179 0.246568
0 0.480143 0.164957 0.006454 0.040472
0 0.341483 0.120192 0.007989 0.036156
0 0.627184 0.218660 0.007727 0.045997
0 0.878448 0.296603 0.010747 0.053633
0 0.927062 0.321368 0.011672 0.031160
0 0.257200 0.810810 0.023511 0.126022
0 0.392561 0.140165 0.007883 0.039128
2 0.093057 0.102602 0.030154 0.035099
0 0.421675 0.151529 0.007190 0.035807
2 0.065244 0.105060 0.031334 0.036375
0 0.301521 0.407258 0.013706 0.058638
0 0.658378 0.240702 0.008639 0.048341
0 0.466253 0.166137 0.007613 0.045149
5 0.074753 0.199979 0.068155 0.124554
0 0.459180 0.162404 0.008125 0.040986
0 0.005316 0.510008 0.010632 0.092501
3 0.301804 0.428086 0.020667 0.059388
6 0.137677 0.485861 0.013523 0.045024
0 0.930190 0.256825 0.009158 0.041201
2 0.052131 0.131635 0.021120 0.032643
6 0.606522 0.362749 0.012950 0.053529
0 0.447415 0.161600 0.006891 0.042405
0 0.387198 0.139129 0.007574 0.043996
0 0.645067 0.217509 0.008400 0.046404
2 0.075787 0.282590 0.026719 0.056385
0 0.317091 0.101428 0.007504 0.034083
0 0.692030 0.252038 0.009138 0.050172
0 0.719983 0.258250 0.010214 0.055906
