4 0.380668 0.137002 0.099233 0.095019
2 0.402896 0.375447 0.068600 0.078028
2 0.219817 0.418862 0.068126 0.092659
2 0.251892 0.382852 0.072853 0.084323
2 0.343095 0.381133 0.078854 0.095853
2 0.141176 0.438913 0.066551 0.079996
2 0.252843 0.209501 0.048909 0.052224
2 0.274746 0.336208 0.067076 0.075528
2 0.482123 0.259623 0.053259 0.052457
2 0.437879 0.217701 0.049614 0.043042
2 0.326004 0.215523 0.043364 0.047634
2 0.264137 0.177225 0.048596 0.046290
2 0.203449 0.337062 0.062080 0.081051
2 0.122962 0.219119 0.037060 0.057700
2 0.151707 0.152435 0.037841 0.041996
2 0.139378 0.196043 0.039221 0.046680
0 0.076373 0.579507 0.027830 0.089618
2 0.921463 0.514115 0.130920 0.084568
2 0.071815 0.193494 0.038816 0.047829
0 0.392310 0.776182 0.028021 0.124857
2 0.240948 0.151427 0.030223 0.036757
2 0.923510 0.964503 0.152981 0.069432
2 0.041258 0.453589 0.082487 0.103606
0 0.164109 0.621323 0.028701 0.097908
2 0.119626 0.378388 0.064737 0.067626
0 0.244124 0.579737 0.027460 0.085761
0 0.700348 0.441667 0.016645 0.083109
2 0.282405 0.150658 0.038299 0.035608
2 0.188120 0.261198 0.040212 0.050994
2 0.080173 0.082837 0.019438 0.027952
0 0.315028 0.782234 0.030684 0.120946
0 0.276903 0.800735 0.021175 0.121551
4 0.912810 0.405737 0.173398 0.205318
0 0.538774 0.198144 0.011331 0.044579
0 0.480138 0.165338 0.006776 0.040230
0 0.296946 0.808381 0.029603 0.122997
0 0.465261 0.168418 0.007071 0.040885
0 0.562028 0.199191 0.007009 0.044114
0 0.739010 0.255046 0.008606 0.053474
0 0.258576 0.812064 0.023233 0.121693
0 0.575851 0.206202 0.008778 0.050760
0 0.523812 0.184836 0.009929 0.046734
2 0.059808 0.086646 0.022880 0.028976
0 0.554514 0.196865 0.007864 0.037404
0 0.584585 0.201811 0.008243 0.046711
0 0.614896 0.215882 0.008010 0.045374
0 0.238528 0.546803 0.015445 0.066397
5 0.697820 0.370486 0.111889 0.112275
0 0.628527 0.204302 0.008773 0.042979
0 0.549180 0.190175 0.008745 0.044026
0 0.607376 0.193620 0.007131 0.043496
0 0.458650 0.162579 0.008111 0.040436
6 0.606346 0.362395 0.013100 0.054746
0 0.608764 0.226319 0.008205 0.043594
0 0.294439 0.095090 0.005987 0.033123
0 0.300983 0.408099 0.011238 0.056566
0 0.658348 0.239206 0.009337 0.050963
6 0.137719 0.485755 0.013248 0.044451
3 0.301846 0.429096 0.020777 0.058634
0 0.595036 0.201090 0.009676 0.042218
0 0.302461 0.149292 0.008026 0.037241
2 0.153002 0.082644 0.015685 0.026443
2 0.127669 0.299699 0.091961 0.134634
0 0.301747 0.093292 0.005358 0.027687
0 0.495142 0.176869 0.008023 0.032859
0 0.442052 0.152993 0.007257 0.045872
0 0.446218 0.161116 0.007526 0.044916
0 0.690853 0.248041 0.010450 0.061927
