2 0.528444 0.458765 0.071784 0.091714
2 0.821206 0.706824 0.143258 0.163804
2 0.439541 0.399097 0.071608 0.082763
2 0.633532 0.699071 0.125018 0.139420
2 0.691740 0.616183 0.124489 0.139740
2 0.345292 0.235577 0.051001 0.047880
2 0.483693 0.565914 0.099929 0.106890
2 0.471991 0.483045 0.085147 0.090193
2 0.438676 0.614407 0.107005 0.137316
4 0.215899 0.093039 0.097774 0.081548
2 0.116265 0.176556 0.039189 0.043967
2 0.226556 0.157319 0.039172 0.038434
2 0.101655 0.259277 0.047402 0.065400
2 0.426755 0.245247 0.053430 0.048222
2 0.820962 0.846024 0.159336 0.166413
2 0.873711 0.655355 0.141111 0.135604
2 0.953201 0.863067 0.093599 0.198984
2 0.362894 0.186910 0.041836 0.041504
2 0.140942 0.111384 0.026165 0.031600
2 0.862150 0.588973 0.115461 0.097883
2 0.437935 0.216365 0.049493 0.041161
2 0.136902 0.355966 0.063684 0.085735
2 0.041442 0.453760 0.082791 0.103994
2 0.838702 0.934739 0.187862 0.130522
4 0.442681 0.162527 0.111001 0.102700
2 0.222589 0.649823 0.089415 0.147459
2 0.571191 0.540717 0.084428 0.125005
4 0.569581 0.223023 0.159441 0.146995
2 0.077040 0.091576 0.029031 0.033942
0 0.962673 0.418270 0.017274 0.072220
0 0.048710 0.571581 0.025517 0.102952
2 0.352177 0.370346 0.035312 0.076343
0 0.945090 0.402260 0.012349 0.073879
2 0.075275 0.222448 0.033726 0.063044
2 0.336920 0.319851 0.038565 0.056935
0 0.355313 0.125815 0.007102 0.037381
0 0.365783 0.128339 0.008703 0.037103
0 0.119235 0.681576 0.018267 0.128801
0 0.763689 0.279041 0.011780 0.041727
5 0.247256 0.333744 0.186007 0.250737
2 0.979301 0.730170 0.041397 0.151502
2 0.097787 0.087131 0.019442 0.023920
0 0.154042 0.593056 0.016418 0.085225
0 0.101952 0.685508 0.025657 0.122383
7 0.137908 0.486820 0.012674 0.040826
2 0.047822 0.136690 0.014752 0.024252
0 0.385669 0.136737 0.006767 0.039239
0 0.658582 0.239892 0.008954 0.049379
0 0.334817 0.110503 0.006832 0.037919
0 0.691011 0.253166 0.014446 0.062779
0 0.932986 0.251739 0.012039 0.045657
7 0.605939 0.356608 0.017657 0.075620
