2 0.459763 0.415677 0.076523 0.082367
2 0.348179 0.397479 0.069519 0.078828
2 0.391105 0.363401 0.070105 0.076189
2 0.475512 0.570747 0.107651 0.129149
2 0.647269 0.746488 0.089938 0.122642
2 0.904322 0.473550 0.109339 0.085749
2 0.806708 0.501394 0.124876 0.095394
2 0.893829 0.569583 0.146390 0.106807
2 0.574515 0.567020 0.089676 0.109638
2 0.565287 0.311247 0.067322 0.059537
2 0.330381 0.913078 0.199583 0.168957
2 0.362923 0.186836 0.041961 0.041820
2 0.122368 0.112538 0.031187 0.033638
2 0.327946 0.245874 0.052130 0.043824
0 0.734445 0.438586 0.019329 0.072341
0 0.298529 0.515201 0.029277 0.096829
0 0.229316 0.677599 0.022428 0.104580
2 0.041157 0.453941 0.082314 0.103694
2 0.524585 0.505745 0.108858 0.106677
0 0.255121 0.605968 0.016013 0.096368
0 0.037355 0.686576 0.021921 0.108010
2 0.650466 0.616887 0.087895 0.134597
0 0.270077 0.552438 0.018111 0.087259
2 0.970731 0.475732 0.058538 0.083302
0 0.239005 0.510905 0.023293 0.078284
0 0.895910 0.310220 0.015195 0.060542
0 0.621620 0.452896 0.015360 0.071490
0 0.978214 0.366286 0.016826 0.064271
0 0.845819 0.398138 0.012883 0.062788
2 0.414454 0.505998 0.071829 0.121133
4 0.279710 0.315726 0.113207 0.139517
0 0.011324 0.500171 0.017378 0.086546
0 0.202521 0.545928 0.018433 0.090622
0 0.371630 0.492864 0.019891 0.087609
2 0.096939 0.098524 0.022910 0.038924
0 0.196059 0.589092 0.023501 0.099613
5 0.404736 0.247682 0.047938 0.067114
0 0.363911 0.129076 0.009347 0.038117
0 0.573843 0.206775 0.008924 0.049442
0 0.347501 0.126505 0.005422 0.036280
0 0.326491 0.105659 0.006027 0.034330
0 0.375016 0.135371 0.008198 0.038932
0 0.400005 0.145863 0.007230 0.037134
0 0.589892 0.188989 0.008604 0.043573
0 0.439092 0.154036 0.007937 0.043439
0 0.537866 0.199351 0.009864 0.042614
0 0.577890 0.186024 0.009241 0.044191
0 0.467025 0.160640 0.008590 0.039346
0 0.552801 0.196258 0.006401 0.038987
0 0.643273 0.220160 0.009058 0.048933
0 0.548762 0.188682 0.007168 0.044781
0 0.601757 0.196073 0.009152 0.044619
0 0.521746 0.191203 0.007135 0.042557
0 0.413070 0.145075 0.006890 0.038210
0 0.624343 0.223637 0.008290 0.053753
6 0.137806 0.486053 0.012784 0.043061
0 0.658271 0.240784 0.009451 0.047735
0 0.478167 0.169179 0.009200 0.045745
0 0.420097 0.147668 0.007018 0.039838
0 0.654387 0.220366 0.008322 0.049730
6 0.606557 0.360953 0.012992 0.054720
0 0.609225 0.194337 0.006277 0.040739
0 0.426079 0.151949 0.007171 0.037845
0 0.613497 0.199848 0.006567 0.045182
2 0.283593 0.397377 0.041184 0.075885
0 0.496084 0.177152 0.008492 0.033409
0 0.473096 0.160650 0.005677 0.040388
0 0.635166 0.205925 0.009534 0.044115
2 0.057272 0.079043 0.020755 0.026357
0 0.379487 0.135861 0.004901 0.038109
5 0.840690 0.760701 0.318620 0.478598
4 0.191814 0.377296 0.155698 0.219725
4 0.101525 0.243178 0.116372 0.122704
0 0.931380 0.255306 0.015249 0.044230
0 0.692719 0.249965 0.009753 0.060275
