0 0.009946 0.580590 0.019892 0.093573
4 0.389795 0.140464 0.100670 0.095038
2 0.792774 0.471412 0.055852 0.082227
2 0.282189 0.151890 0.038934 0.037173
2 0.309363 0.187289 0.044226 0.042165
5 0.403061 0.218671 0.071611 0.069683
2 0.155649 0.133256 0.033686 0.035705
2 0.211313 0.140799 0.036112 0.035383
0 0.723680 0.445636 0.025023 0.078967
0 0.887369 0.425937 0.023707 0.068872
0 0.036163 0.578884 0.017308 0.096915
0 0.757422 0.423472 0.016522 0.075776
0 0.823226 0.435184 0.016117 0.072085
2 0.438937 0.216662 0.047574 0.040578
2 0.141160 0.439120 0.066364 0.079632
0 0.851371 0.424075 0.016925 0.071451
0 0.835028 0.413813 0.013788 0.069028
0 0.881908 0.306179 0.012270 0.055148
0 0.496330 0.487973 0.013212 0.060587
0 0.960272 0.348375 0.015455 0.061613
0 0.897627 0.313794 0.012469 0.055123
0 0.873852 0.311633 0.008839 0.051503
2 0.109590 0.374323 0.065584 0.078326
0 0.608537 0.226761 0.009680 0.042451
2 0.165308 0.120787 0.027582 0.031918
0 0.521725 0.185081 0.010442 0.046164
0 0.621147 0.217192 0.008759 0.045764
0 0.599386 0.199658 0.010604 0.047705
2 0.098751 0.088728 0.018015 0.026133
0 0.929814 0.257353 0.009564 0.044784
0 0.471339 0.168951 0.009846 0.044225
0 0.576764 0.205607 0.010609 0.051307
0 0.563077 0.199459 0.007169 0.044326
0 0.658396 0.241303 0.009146 0.048114
0 0.539552 0.195380 0.012389 0.051006
0 0.513128 0.516420 0.023005 0.070203
0 0.691956 0.250374 0.007425 0.050165
0 0.628108 0.204013 0.008193 0.043577
0 0.686304 0.248592 0.009644 0.047243
0 0.479964 0.164904 0.006440 0.041424
0 0.300819 0.406727 0.012111 0.058582
0 0.554187 0.196018 0.008799 0.039577
2 0.152803 0.083385 0.016088 0.026571
0 0.533784 0.192089 0.008140 0.043578
0 0.582430 0.201405 0.007431 0.047483
3 0.512675 0.544007 0.048058 0.062500
3 0.301016 0.433695 0.029342 0.054950
0 0.607830 0.190596 0.008063 0.043403
0 0.614997 0.196768 0.007167 0.041412
0 0.503212 0.179845 0.008399 0.045792
0 0.445067 0.154055 0.009073 0.043783
0 0.455760 0.162696 0.009203 0.042169
6 0.606340 0.363028 0.013644 0.059925
6 0.138042 0.486446 0.017657 0.052791
