4 0.218766 0.096324 0.098116 0.078566
2 0.625711 0.692417 0.124247 0.138064
2 0.420432 0.597051 0.104576 0.139111
2 0.872502 0.655077 0.139171 0.135217
2 0.434023 0.395343 0.071117 0.082343
2 0.816949 0.706485 0.142795 0.169547
2 0.520665 0.453464 0.071058 0.092759
2 0.687830 0.613790 0.124034 0.139902
2 0.099942 0.256386 0.050658 0.065067
2 0.465699 0.478345 0.084312 0.087910
2 0.808336 0.834862 0.156519 0.163349
2 0.474694 0.561637 0.098063 0.108229
2 0.949121 0.852977 0.101759 0.190361
2 0.235983 0.161419 0.039557 0.038832
2 0.443193 0.253936 0.054405 0.048496
2 0.110730 0.173068 0.038730 0.043349
2 0.832793 0.571612 0.113061 0.085399
2 0.362846 0.186939 0.041920 0.041798
2 0.438031 0.215501 0.049217 0.039339
2 0.146598 0.114282 0.026516 0.032057
4 0.442644 0.162776 0.111055 0.102852
2 0.041155 0.453727 0.082282 0.103502
0 0.052264 0.575117 0.021593 0.101769
2 0.565004 0.535631 0.084089 0.125133
2 0.364185 0.242126 0.053182 0.041869
4 0.571471 0.223560 0.159778 0.147143
0 0.962705 0.418239 0.017310 0.072212
2 0.819195 0.926248 0.189309 0.147504
2 0.079158 0.092653 0.029041 0.034075
2 0.073631 0.212268 0.030696 0.046563
0 0.945132 0.402140 0.012747 0.073093
2 0.346095 0.364985 0.036310 0.079531
0 0.106501 0.690634 0.022146 0.131159
0 0.355454 0.125815 0.007257 0.037440
0 0.772268 0.281704 0.012099 0.047417
2 0.125178 0.347287 0.062422 0.080544
0 0.365636 0.128295 0.008546 0.036979
2 0.226087 0.644655 0.084815 0.145655
0 0.123685 0.684027 0.022826 0.129417
2 0.098946 0.088636 0.018402 0.026602
2 0.328549 0.310015 0.039483 0.059146
2 0.979075 0.728448 0.041850 0.147223
5 0.241319 0.329189 0.185305 0.250114
7 0.137923 0.486516 0.012884 0.041313
0 0.336174 0.111010 0.007051 0.035466
0 0.154107 0.592444 0.016644 0.087184
0 0.385310 0.136303 0.006659 0.039903
2 0.152988 0.082837 0.015917 0.026425
0 0.328061 0.109360 0.006155 0.035792
0 0.933387 0.255306 0.011236 0.044230
0 0.299639 0.097285 0.006377 0.038436
0 0.309205 0.095349 0.007155 0.020739
0 0.692493 0.251287 0.008332 0.054950
0 0.658896 0.240058 0.011020 0.053517
0 0.662659 0.212822 0.009407 0.044916
7 0.606742 0.362315 0.014446 0.067059
