2 0.233029 0.430350 0.070557 0.092754
2 0.266570 0.394155 0.075567 0.084595
2 0.437560 0.281629 0.058058 0.054565
2 0.404157 0.374105 0.067984 0.073808
2 0.141119 0.439252 0.066686 0.080274
2 0.368732 0.397923 0.081477 0.097007
2 0.280243 0.339408 0.069049 0.074805
2 0.559556 0.313851 0.055592 0.059168
2 0.199081 0.232477 0.047687 0.058112
2 0.680336 0.378260 0.084740 0.069846
2 0.362953 0.187108 0.041378 0.041699
2 0.317954 0.214974 0.047473 0.045519
2 0.630476 0.829303 0.181649 0.150287
2 0.437884 0.217695 0.049690 0.043083
4 0.375054 0.139716 0.102623 0.090330
4 0.614332 0.245690 0.107947 0.140701
2 0.337135 0.335345 0.061750 0.065508
2 0.211024 0.161473 0.042101 0.038898
2 0.282922 0.151969 0.039616 0.038128
5 0.130739 0.106889 0.020862 0.053196
2 0.107399 0.128221 0.038263 0.042207
2 0.041473 0.453281 0.082808 0.102102
2 0.180759 0.257908 0.043502 0.055315
2 0.077493 0.090981 0.025708 0.030577
0 0.090858 0.666467 0.021879 0.103992
0 0.372267 0.513506 0.015873 0.091510
0 0.968278 0.402085 0.012807 0.071530
0 0.314216 0.766677 0.023907 0.093138
0 0.890453 0.303848 0.011718 0.052969
0 0.326294 0.847239 0.026023 0.128336
2 0.097402 0.165692 0.026517 0.039668
0 0.099210 0.557949 0.015359 0.088200
0 0.479782 0.164895 0.007475 0.040702
0 0.757951 0.274479 0.008763 0.046679
4 0.156895 0.080737 0.060950 0.066304
2 0.119872 0.379218 0.063845 0.066851
2 0.119897 0.226799 0.035462 0.050416
0 0.302298 0.839102 0.023588 0.124333
2 0.146933 0.248040 0.033290 0.048741
2 0.963334 0.865300 0.072884 0.153931
0 0.468851 0.169216 0.006176 0.041244
0 0.552457 0.195450 0.006803 0.041182
0 0.458627 0.163352 0.009113 0.042405
0 0.930051 0.258407 0.009396 0.044181
0 0.539106 0.197871 0.011205 0.043734
0 0.522986 0.185454 0.008251 0.045303
0 0.439142 0.154108 0.006078 0.043461
5 0.075514 0.206731 0.072621 0.124358
0 0.017093 0.488347 0.015843 0.076410
0 0.284357 0.848153 0.021248 0.132170
0 0.446712 0.162182 0.008567 0.042691
0 0.502568 0.179306 0.007662 0.040927
0 0.495535 0.177284 0.008776 0.032756
0 0.853571 0.271559 0.008905 0.049612
2 0.235621 0.297476 0.038387 0.069936
0 0.296498 0.097718 0.005924 0.028332
0 0.376375 0.451077 0.020126 0.057110
0 0.691814 0.251026 0.012841 0.055645
7 0.140449 0.486446 0.016051 0.044230
7 0.607143 0.357321 0.015249 0.059925
