4 0.299943 0.114274 0.096041 0.087133
2 0.336168 0.451743 0.083858 0.103416
2 0.311264 0.358724 0.063533 0.077270
2 0.591092 0.795327 0.150331 0.173549
2 0.413057 0.619945 0.101173 0.125109
2 0.912996 0.673336 0.148193 0.131255
2 0.538354 0.321812 0.070181 0.061090
2 0.366438 0.414908 0.055643 0.078926
2 0.175589 0.327052 0.055346 0.060641
2 0.362319 0.233124 0.051006 0.053211
2 0.252575 0.377063 0.056713 0.093833
2 0.307923 0.305575 0.060802 0.054044
2 0.793902 0.700220 0.086301 0.137979
2 0.437984 0.217552 0.049211 0.043012
2 0.189595 0.163159 0.043043 0.038740
2 0.663005 0.343176 0.077275 0.063923
2 0.174063 0.265552 0.047916 0.046710
4 0.452366 0.167910 0.149421 0.116661
2 0.733238 0.436460 0.102248 0.090283
0 0.378651 0.955891 0.027519 0.088048
2 0.818070 0.430222 0.091608 0.074070
2 0.752796 0.526452 0.119602 0.088420
2 0.362922 0.186624 0.041465 0.041877
2 0.041328 0.453684 0.082582 0.103386
4 0.157359 0.080430 0.070780 0.065413
2 0.833623 0.922220 0.195615 0.155560
2 0.772347 0.601492 0.091545 0.114680
0 0.959501 0.418350 0.014924 0.072431
0 0.380674 0.839355 0.022094 0.118388
0 0.355833 0.976653 0.020280 0.046295
0 0.945594 0.402202 0.013729 0.072340
0 0.842426 0.301249 0.012245 0.052858
0 0.880874 0.316013 0.011191 0.050068
0 0.546771 0.241557 0.010040 0.055318
0 0.471053 0.975726 0.024776 0.048272
0 0.513896 0.967458 0.025903 0.065084
0 0.312385 0.855432 0.020410 0.126640
0 0.571900 0.205891 0.009600 0.049247
0 0.561624 0.215656 0.013023 0.047817
0 0.767474 0.267510 0.013806 0.057991
2 0.185974 0.136253 0.039567 0.033555
0 0.294641 0.865099 0.023379 0.116636
0 0.618665 0.217860 0.009312 0.045837
2 0.179700 0.123393 0.033936 0.031842
0 0.355591 0.125760 0.007351 0.037262
0 0.658393 0.239960 0.009123 0.049261
0 0.362714 0.848871 0.024848 0.118936
0 0.627503 0.203850 0.006718 0.044096
0 0.346218 0.857842 0.020118 0.122149
0 0.536157 0.199576 0.007976 0.042288
6 0.137810 0.486469 0.012890 0.043529
0 0.363222 0.128374 0.007815 0.036811
0 0.552557 0.195552 0.007008 0.041199
0 0.635752 0.212343 0.009076 0.045815
0 0.641461 0.219037 0.008024 0.045960
0 0.541206 0.186388 0.007642 0.043847
0 0.929629 0.257551 0.008817 0.044202
2 0.945769 0.827421 0.108461 0.201955
5 0.571027 0.577047 0.373194 0.485108
0 0.691413 0.251026 0.013644 0.058498
0 0.155297 0.593455 0.023274 0.098448
4 0.093499 0.275994 0.111557 0.199750
7 0.607945 0.359461 0.016854 0.069913
