2 0.348291 0.397876 0.069240 0.079519
2 0.475503 0.570311 0.106593 0.130325
2 0.391100 0.363435 0.069900 0.076833
2 0.459766 0.414723 0.076573 0.083513
2 0.573511 0.566889 0.089972 0.108360
2 0.477497 0.786636 0.174164 0.170653
4 0.177983 0.085686 0.111985 0.080144
2 0.155252 0.251243 0.046873 0.051142
5 0.730186 0.417838 0.078643 0.096263
2 0.512537 0.504531 0.099357 0.108113
2 0.363015 0.186802 0.041622 0.041960
2 0.881571 0.498412 0.112022 0.093375
2 0.126094 0.114634 0.031634 0.033719
0 0.207104 0.529773 0.029543 0.085722
0 0.319355 0.505570 0.026499 0.090418
0 0.555325 0.463512 0.017765 0.081457
0 0.048644 0.688089 0.024230 0.110228
2 0.041253 0.453761 0.082489 0.103941
0 0.240875 0.571424 0.017072 0.091831
0 0.920619 0.377397 0.014238 0.067146
2 0.913133 0.476388 0.108457 0.083111
2 0.414349 0.506383 0.072842 0.120617
0 0.952822 0.345562 0.013714 0.061895
0 0.571171 0.205833 0.009598 0.049123
0 0.871660 0.411490 0.012569 0.072637
0 0.333220 0.493420 0.019748 0.077943
0 0.619159 0.458576 0.015511 0.080454
0 0.350694 0.126489 0.006287 0.035312
0 0.606289 0.457789 0.016666 0.071621
0 0.883471 0.416627 0.013482 0.058627
0 0.512957 0.439805 0.012454 0.034376
0 0.601877 0.205816 0.011568 0.047804
0 0.537892 0.199270 0.009548 0.042335
2 0.973275 0.476649 0.053451 0.088569
0 0.585936 0.468545 0.022826 0.078293
0 0.429454 0.153359 0.007886 0.037711
2 0.097381 0.099510 0.021873 0.038814
0 0.342997 0.111700 0.006515 0.036326
0 0.363219 0.128756 0.007471 0.037319
0 0.622415 0.224835 0.008196 0.051360
0 0.478636 0.169005 0.009288 0.045375
0 0.466470 0.469834 0.013321 0.076856
0 0.798793 0.278965 0.008418 0.057439
0 0.399999 0.146084 0.007441 0.036811
0 0.466873 0.160772 0.008605 0.039327
0 0.419676 0.147347 0.007807 0.040278
0 0.578813 0.188122 0.008614 0.043902
0 0.617477 0.217642 0.006214 0.043482
0 0.438803 0.153727 0.008753 0.044686
0 0.375146 0.135152 0.008265 0.040232
0 0.636211 0.206869 0.008614 0.043719
0 0.552856 0.196435 0.006708 0.039157
0 0.433607 0.455294 0.009108 0.035820
0 0.412510 0.144853 0.007216 0.038496
0 0.548315 0.188326 0.007439 0.046602
0 0.658182 0.240645 0.009834 0.047880
6 0.606497 0.362199 0.013288 0.055223
4 0.259364 0.297930 0.112238 0.135211
6 0.137725 0.486800 0.013084 0.043861
0 0.521568 0.191944 0.006657 0.041403
2 0.081011 0.091898 0.023347 0.032772
0 0.473316 0.161441 0.005642 0.039789
0 0.930237 0.256848 0.008647 0.042043
0 0.502983 0.180816 0.007361 0.038484
0 0.590158 0.204779 0.007670 0.048945
0 0.609268 0.196949 0.006369 0.046025
0 0.542506 0.186599 0.006622 0.043167
5 0.836276 0.759675 0.327448 0.476547
4 0.195827 0.374443 0.147673 0.211165
4 0.100722 0.241038 0.106742 0.109863
0 0.693419 0.250312 0.009631 0.051364
