4 0.294953 0.112761 0.097106 0.086442
2 0.314624 0.361683 0.063794 0.078633
2 0.694950 0.418521 0.096651 0.085928
2 0.341673 0.456662 0.084521 0.104240
2 0.425468 0.632380 0.102465 0.125772
2 0.912898 0.674857 0.148233 0.133670
2 0.180070 0.328876 0.054482 0.063372
2 0.599176 0.802198 0.152026 0.175591
2 0.372173 0.419897 0.053086 0.084164
2 0.514675 0.310476 0.067547 0.059371
2 0.314429 0.308457 0.061719 0.059538
2 0.804687 0.710538 0.092551 0.139543
2 0.346274 0.224981 0.049812 0.051208
2 0.437905 0.217728 0.049068 0.042901
2 0.633277 0.329275 0.073741 0.063101
2 0.174946 0.157177 0.041972 0.038076
2 0.769512 0.408234 0.084932 0.069797
2 0.181209 0.275458 0.048933 0.057001
0 0.372883 0.953122 0.027760 0.093755
2 0.255900 0.379947 0.057166 0.094810
2 0.041241 0.453891 0.082387 0.103611
2 0.362784 0.185435 0.041841 0.039149
2 0.840210 0.925263 0.195521 0.149473
4 0.447792 0.160749 0.149299 0.128059
4 0.155809 0.079975 0.067590 0.065573
0 0.959537 0.418688 0.014449 0.072840
2 0.771282 0.600591 0.093604 0.112796
0 0.945851 0.402309 0.013243 0.072492
0 0.506889 0.964278 0.024958 0.071444
0 0.462835 0.971011 0.026246 0.057851
2 0.178262 0.134780 0.037698 0.033093
0 0.846144 0.301544 0.010962 0.053611
0 0.884803 0.318096 0.011989 0.049108
0 0.769192 0.270103 0.013983 0.057200
0 0.572063 0.205722 0.009609 0.048987
0 0.542297 0.242035 0.013851 0.054452
0 0.289178 0.860120 0.024839 0.116784
0 0.374932 0.836012 0.025418 0.121956
0 0.618688 0.218321 0.009192 0.044612
0 0.307863 0.847824 0.020385 0.123580
0 0.355511 0.126368 0.007295 0.036305
0 0.363145 0.128067 0.007739 0.037051
2 0.174806 0.117844 0.032619 0.026271
2 0.952686 0.833725 0.093565 0.195327
0 0.756287 0.259680 0.007381 0.052399
0 0.627389 0.203942 0.006966 0.043667
0 0.638582 0.214197 0.008095 0.049440
0 0.557824 0.215003 0.012580 0.046951
0 0.585081 0.197461 0.007029 0.045042
2 0.759399 0.526537 0.105898 0.087740
0 0.658265 0.239998 0.008952 0.048888
6 0.137741 0.486216 0.012998 0.042999
2 0.057763 0.083948 0.019666 0.027911
0 0.929737 0.257724 0.008538 0.044263
0 0.609047 0.195634 0.007016 0.046093
0 0.535963 0.199264 0.007932 0.041509
0 0.552700 0.194336 0.007217 0.039252
0 0.330416 0.984475 0.019982 0.031050
0 0.644123 0.219784 0.009010 0.046607
2 0.417016 0.369274 0.057554 0.039848
0 0.356321 0.841166 0.021904 0.112505
0 0.352152 0.971713 0.019293 0.056043
0 0.600668 0.200683 0.009361 0.049326
0 0.590829 0.208646 0.007817 0.043674
5 0.577047 0.582754 0.373997 0.487961
0 0.692215 0.249599 0.016854 0.061352
0 0.153095 0.596601 0.020158 0.089354
4 0.101926 0.286695 0.107544 0.189763
7 0.606742 0.363028 0.019262 0.065632
