2 0.349219 0.398618 0.069568 0.080069
2 0.393525 0.364837 0.070853 0.076974
2 0.472275 0.423397 0.078549 0.083086
2 0.674871 0.625684 0.128503 0.144243
2 0.475474 0.570212 0.107778 0.132171
2 0.449009 0.315115 0.069914 0.066838
2 0.814265 0.510043 0.115915 0.088994
2 0.576979 0.568974 0.092729 0.108871
2 0.947040 0.916570 0.105921 0.166859
2 0.836434 0.446671 0.111901 0.077312
2 0.053874 0.179799 0.035175 0.044475
2 0.415984 0.239824 0.052524 0.049920
2 0.900334 0.682044 0.094411 0.128414
2 0.362848 0.186777 0.041906 0.041731
2 0.570331 0.510166 0.117482 0.088172
2 0.671667 0.345073 0.085250 0.069936
2 0.041526 0.453736 0.083053 0.102906
0 0.349629 0.776919 0.018545 0.117647
0 0.165306 0.693861 0.027847 0.122227
2 0.099924 0.102398 0.030311 0.031958
0 0.218333 0.659211 0.023230 0.115267
2 0.414531 0.506023 0.072551 0.120271
0 0.037373 0.686268 0.022187 0.107600
0 0.253609 0.693878 0.020977 0.108431
0 0.927876 0.370931 0.014534 0.064195
0 0.300943 0.842128 0.028458 0.127759
0 0.942953 0.390821 0.019529 0.069405
0 0.061255 0.623805 0.020862 0.103882
0 0.314232 0.758156 0.026321 0.112952
2 0.618769 0.372357 0.079902 0.058149
0 0.571783 0.205542 0.009225 0.050697
2 0.615980 0.415802 0.092141 0.078669
2 0.126650 0.098078 0.029407 0.032172
0 0.347196 0.126749 0.006048 0.036441
0 0.363959 0.129684 0.009259 0.036461
4 0.286678 0.321238 0.115113 0.138802
2 0.983634 0.533706 0.032731 0.095640
0 0.537735 0.199386 0.009734 0.042673
0 0.441078 0.153441 0.009181 0.045136
0 0.624641 0.224782 0.009934 0.052535
0 0.476182 0.476188 0.021429 0.076783
0 0.780344 0.273630 0.011288 0.057503
0 0.417805 0.154519 0.007575 0.038437
0 0.770437 0.273478 0.011926 0.052638
0 0.552588 0.196494 0.006525 0.038467
0 0.618284 0.217085 0.007184 0.044188
0 0.476018 0.170039 0.008018 0.045028
0 0.619775 0.453990 0.011462 0.067916
0 0.286550 0.785527 0.023394 0.130277
0 0.548722 0.188956 0.007126 0.044347
0 0.376135 0.135451 0.008503 0.041019
0 0.575818 0.187332 0.009699 0.045590
0 0.601877 0.196817 0.008303 0.043645
0 0.399061 0.144935 0.007702 0.036533
0 0.467755 0.160949 0.007238 0.040490
0 0.659138 0.228880 0.010167 0.072314
0 0.609590 0.196585 0.006340 0.043956
7 0.138020 0.486757 0.012812 0.042028
0 0.930947 0.258325 0.010430 0.043576
0 0.522230 0.189735 0.008160 0.046506
0 0.429562 0.150566 0.005161 0.029636
0 0.502138 0.179569 0.006975 0.039894
2 0.072910 0.084582 0.022280 0.036124
4 0.198636 0.378010 0.159711 0.235420
4 0.099519 0.253879 0.110754 0.109862
7 0.606340 0.355894 0.015249 0.059925
0 0.635473 0.206709 0.008708 0.044725
0 0.693206 0.248853 0.008063 0.051032
